turnover/volume
125.1891454506213
124.12226450657997
120.35161245852076
119.46166665142391
119.17837131091837
120.34598863115002
120.49223107005363
120.83936250195052
123.79925402240748
124.51622825290559
122.88173759633115
123.03857420901743
124.23174413623039
122.810112166533
123.36495020678781
122.8859164154897
124.07221491611612
125.06141669253616
123.38638063996316
121.59865436515908
122.62756889641638
122.74781003296515
124.53281706671018
126.20166576798385
127.09019585367506
128.4439869722258
130.5741159745352
129.59044459333526
129.62071045090295
129.21218241820478
129.50034866480857
130.66956826919161
128.58656751470843
127.43873553825276
116.03177909174441
117.42204375770687
126.38596871194453
126.39775253595663
125.521353230818
126.54663117422706
118.54635453462203
116.26846514628792
116.86124200541254
116.50144349293087
114.59940396068185
114.98293527204069
115.81651899328767
118.5526726761239
119.66365089346095
119.95521691817358
119.01151106338959
115.25699368929537
116.06270769686942
116.46273698422918
118.72652901189726
118.45658655862974
119.98954974950752
123.06613969600048
122.51301765622253
121.86924946353606
120.79894389345917
119.01936812822305
119.80795577262289
120.20268955842927
120.95802811596118
122.94130284689957
124.41763925243886
124.5682294912464
123.56623368752341
123.8140189564042
122.32014211700884
124.25741395747657
124.86724416134922
124.61618957049829
123.79265884862208
123.8112700033935
126.58118542939407
127.21192371512272
126.67632692545331
129.06942083336298
136.10544148459155
136.37803469742133
137.05544610896936
136.18888438412435
135.67140646004992
135.72186998752156
136.53234761016267
133.94689323023033
133.91751530029208
135.0723528355708
133.81769420489965
136.12742080911798
135.69874901505818
136.216127813003
138.38387862592464
139.4711185242845
140.36799947206615
143.7986043661648
144.1055492801795
143.25308640309208
145.08859533758158
145.31214071514742
144.1630868983461
147.53845747070415
150.44174397887284
151.27860164838182
153.05027646901868
147.8304224059458
145.1876238153047
150.49055174210517
151.38406769340634
149.7068533792565
154.22683686947695
156.56737252962756
147.14983019502117
152.6733556680494
156.5560896549894
154.4733833068536
153.7642369254199
152.732279730154
150.904791586551
153.65464794505849
154.90675795401467
156.52052112847986
159.28763041914985
160.06217160274778
159.47004339936703
159.22065359125185
160.86117841812847
160.91950964106482
159.29275734441407
163.12491886388693
167.13338800678596
165.00575754928389
163.50555424292875
160.83276935739457
161.84675547383858
161.21547091758134
160.38632685886108
159.58034080502904
154.76768764579484
156.84951048859116
155.82689886351483
159.18335518056176
164.33747029132067
161.1270107167363
161.8174605318554
160.0588569789881
155.88167509442107
156.43842863120415
160.2813122215398
158.1579270252185
151.09599716311712
155.3969774598523
157.0896351306395
154.09508661136542
148.7927503383595
147.94041378908074
150.6633851181911
154.1983238523631
157.93203746296223
161.06117859781645
160.35487171662425
163.1296490980788
163.37141664372186
161.09887041328454
165.263797218435
167.86556281773136
168.05416447894407
167.81804660335587
165.96337740728688
163.25868138626356
160.47396775420336
155.54391938840567
155.92531044313645
157.1196386098829
157.43582622834128
158.07803583383304
156.82935978279545
159.5390686751167
164.50998512592042
163.754228456322
165.23283793504615
167.7787896146866
166.96747602409087
168.8346375811897
169.2817008323404
168.83074519686227
171.5597240917834
175.77934011242203
174.79236324798066
173.91659671681532
174.03285455969203
175.02437931237836
175.25443941172114
176.44821833152923
178.18398959264545
176.01041090323776
179.2170024525925
177.3260907753074
179.483884141351
179.56946282455914
178.4003959438301
171.46559485044705
178.1117128291574
177.11357003711075
184.16715380534643
188.93458135833316
191.81464583843882
190.9184460776961
190.5326427662476
191.94232131404272
191.3128423342066
197.28099116711869
202.06468910847462
200.38371693023103
196.12486253591
192.17852938014406
186.91478701159556
177.75282731323568
182.61312766018492
177.7670212761184
175.21244853180954
171.3717809483051
168.4700019600865
168.30934125906683
168.27532028820954
168.455229480166
174.09040813735163
168.39783795053785
173.36449943143074
180.18150079879388
185.3551353935597
186.09006284972412
182.91688842938558
185.31405077967904
187.71729143291398
188.59849911059254
188.88030007593744
189.62385277366175
187.06257257444136
183.05084865003576
179.96493470452182
177.65862981738698
178.65066375927344
178.7535441207258
178.13156688006111
180.81327870968903
181.50817011083538
182.3984841470795
185.0103418629516
179.20107863261015
173.83252007911952
165.6041802604125
166.85273659000563
166.3782226545653
163.39234768493637
164.46029969406325
165.9858009144752
162.68847797083316
155.8198980705452
156.55007411686822
153.21205207413675
143.90409604730078
142.1699169118373
148.26673287116355
153.93165648213554
160.27321944843462
155.71377759421094
160.03544819846704
157.71639545987563
153.86967256614744
161.85270687321383
165.13406231121422
159.36178351626126
156.61308282202418
153.3835706908693
153.93138960565005
153.27140299352638
156.25147688707068
147.37829254675262
153.1344719143324
146.48247795707564
146.30661480008328
148.17938297449095
146.4732279257327
150.834243809441
149.72816056474264
151.11257726384358
154.75074163573498
157.44091799600488
160.4286390650059
157.45698038593255
153.93294280184676
154.2056019605239
156.53164488510296
157.46174786863608
155.4226655033816
154.0607676769667
153.89263335370566
158.048408615933
154.87458689587376
156.4790950466965
148.23919478645828
150.14683521149294
151.49554496477413
148.25681463877532
151.23734154721004
155.58600546875795
158.88151103984185
158.77026573427318
158.4003409504998
162.2993800614704
162.91951108828556
161.7398549615243
163.09152132221823
165.54016107877067
162.71440492739114
162.98571288921212
160.45040115127648
159.7486884195216
156.93305993705263
158.5097393966591
160.9142093242164
161.827809327359
164.46777442125102
163.45006410149517
164.9432367540595
166.36593310400738
178.5654725942479
180.0795806566344
182.61085116240267
180.73744188297889
181.80574628075917
186.54073589773975
187.19845063487512
185.4612394648577
185.78578058501026
188.18870845350895
186.37725228700936
186.72720742824168
189.84910580777992
193.20906875335737
194.78689176821285
195.2878402623045
197.39378711513984
194.6421595596273
191.55518152939118
193.6272333478008
193.70335131774618
191.7589844125618
191.21868405544078
193.1501972197087
194.99211509222653
195.05845458480883
192.91174184081117
195.7324384109296
193.87863665258095
192.92961754877436
188.1952585589584
183.36546361139906
179.5435946934075
179.84098035755494
180.15043239689484
183.35211979535168
186.3388871202113
184.19233092310355
184.3775673665472
182.8749117969948
179.75473316263393
175.69390041931948
171.690741765714
169.10673973625467
169.92249789911233
165.59317622613267
168.07172433467372
162.0155330828241
163.3160422677669
164.80069892292315
162.19772536716388
164.53919363411572
160.3104162270128
156.95667515622873
161.19421371242336
159.49746739417242
161.45998556221213
167.86840751965232
167.90055960765997
168.8626866333028
168.37395382381166
173.732255511837
167.195104863666
161.8993447532151
159.67940914779342
157.61561797218084
160.82381138148773
161.19588005205605
159.07174060491798
155.57542809089736
152.7354583620272
156.45982692146202
158.9429041163205
158.86390299361992
158.10941461264306
154.3610428558485
151.99308016064847
151.30869843334537
152.4592808211371
156.89235110741413
150.7760901123395
149.15684127536724
147.8086895427902
147.57220845828743
147.16287865559366
146.63579747216886
151.11941599020884
155.88795683839302
159.2498931795654
160.8101806466834
163.0109969723304
162.59075138541283
158.1674238490274
151.15059623147818
152.8120115895807
147.97361198009807
142.8286069033018
142.88825064980693
142.65993426405188
140.14561163342412
141.1125753463617
138.67782958622695
132.3504277823868
140.38549743078508
142.20246954607177
138.8414697004418
137.23201209413952
136.883147661606
133.98856339797877
128.07002327047212
128.99894893399858
132.00127956957806
130.37682874110283
125.35716380608591
120.04783833016315
114.76343486145352
106.31170206454883
111.52023712897626
102.38165536736568
111.23552310377049
123.02321853045802
112.98811814005398
108.05337051804312
107.60719850520009
121.2211539281696
120.8740113116989
113.20370969704975
95.30416292588983
84.31709098342037
84.12888784146328
83.14371082447583
90.8374962471875
96.2331781114442
95.89380264548811
100.57592829905155
102.78033824786573
104.54997573229159
97.21478860310052
92.00791869341037
99.82943859315053
92.33361752273356
89.07216004199734
85.82873453883249
89.44756027008808
87.71172270864527
85.05723155961057
83.21274668079849
79.29916996987504
82.5097490583225
86.77645764672012
96.46586498560232
97.61990334189876
102.0152533830274
102.81424560024959
100.18090199456525
98.19138275271139
96.5976975484342
101.21930384879626
95.721094820595
101.28315677940621
108.24485148389866
109.89321099886115
109.19473435832208
105.99373539984255
110.6052013269225
112.3448529336989
113.53516691584893
114.91233626330094
108.36880989717486
107.93646125610205
112.1228375430864
112.570244428152
114.28116245627002
117.32501540898888
118.2399369981245
117.22586505224143
113.88652229987254
114.28348457818377
111.81137428595007
107.99587549851006
104.43253459276688
101.70659662281389
102.63099368864609
101.09524752393676
101.36095553512045
100.75345040302982
102.76020171125745
99.00262060006725
97.54915139066418
99.52413909774846
105.23514304792234
105.1936123629117
107.3972034032844
103.42754168488742
104.60877224554714
109.22382482088868
109.82421147248537
112.9380445155122
114.67947382200951
114.26082922112413
113.6251718060369
110.97993973241452
113.40081999092325
113.81071801939541
110.31568523090938
107.81648437319726
105.75712823904999
102.35255286185436
106.08132020674744
100.78494299269455
104.58632749492627
106.1710007769341
108.2374777672951
105.32846235766891
102.80443893345289
107.0969263472642
110.13293586729915
109.12721698234697
106.48615817082047
111.12211720335704
115.77287108923585
113.52901852276187
114.02078050886077
114.70259804990962
115.41134923098997
113.24790114291764
111.0502537749548
111.16629051994427
114.02091807526827
114.14740292878525
112.92395547929597
114.88833107074586
113.93596812229903
111.52815692152937
113.36252121498372
114.54734305248428
117.35802463878838
121.28104986576095
119.907042018069
117.49708135951636
115.47326283326971
118.64440187582913
123.2591266348525
123.34920045135516
124.85886604403153
127.19950479411972
123.44265074023511
121.09081363843728
127.06994228329852
123.99519649564297
120.89006989130661
118.45289655569364
114.83060978336592
114.5551737603924
115.8029754615534
120.47998509969734
124.1218289254776
126.57162867220894
127.1367527434991
126.59568707504617
124.22601630727372
123.40807567782615
118.25840696716871
115.90807481324269
117.53103649292896
118.18622915937617
121.19448987907322
122.36001616120805
120.08107764030548
120.03439969651876
119.83001904401618
123.73383989250277
122.95334117945569
124.33416033433852
126.80306870225482
128.1245566053482
128.25232927964493
127.71523126866578
128.89563810438344
125.11243071976787
125.1227435888187
126.85796886374546
128.40367477357952
127.96060865021852
126.04562350847044
125.92422019817955
121.91966062574845
122.8602598657607
121.28101281752956
119.76404369027948
121.31441436500627
120.8546527170284
120.73450490424648
122.34989760087073
122.62475682387002
122.64688722253725
121.69387380870026
120.26498143287814
118.66494997652465
119.20852701281358
117.76911643709836
119.43646219679563
118.12251275694514
119.820452738505
121.31964744177517
124.77156582841201
126.71030335118974
127.35819278093423
128.56573504131316
128.9567483264951
126.87996268675771
131.51904554555435
132.8534439805964
129.87238193468244
130.44449552787762
131.19539455241906
131.53821243523316
131.3648543483534
133.5515237790216
133.17611764825764
132.15529230663117
131.7923012861135
130.83457901667154
131.9452174588218
132.22050862566869
131.32591222066307
133.42987691211303
132.56238303297818
130.00504829185027
129.55213611945626
129.2769205007986
131.54276811446857
133.04632956015794
135.9207015341512
137.31614439138806
137.5961348891788
136.40094662368077
137.95440424578473
136.91371193389068
135.21254232031103
133.451466449532
135.31608744982069
135.87801355904452
136.2116889404413
136.60970709072902
140.69348225941584
145.40597972057054
144.07272263168068
142.74750739592415
142.80231609024875
143.3383568509154
141.45533162344245
140.4716136818047
140.3637453104344
142.41266499934937
142.79689827983205
142.8478625765808
139.80007880018803
139.38927959321887
141.02574313472024
140.26812518241107
138.43659749298314
135.57770567066373
137.15330105513732
139.05113176343664
139.3511374273588
143.2389893926555
144.41275409640022
148.18680560141394
147.37868892929544
150.0748876692491
151.89984673537796
150.45103070385815
144.47932718590363
149.3307417994291
146.97329808791255
145.47742134739923
146.31046982038671
144.09600709186768
143.35540502693462
140.26298704567742
134.8565688403856
134.50277021189368
133.2153156975636
131.38930667172073
134.49392103749867
134.4773676509916
136.13646727924873
136.8295705983797
135.9828466742258
137.5672502392348
136.02720652363786
134.16568013554945
134.06875433059386
131.86983547958712
132.2882572785815
129.4042074682042
129.16335328369544
132.24152974881235
132.29107011074564
132.06283063917184
130.01430226991292
128.58291646908748
128.3953988832241
129.7570397524995
129.4772273520886
130.31060480561865
129.3842312276294
129.0596607615928
129.46602027810368
127.49345654539269
127.5108701101086
128.62222855336697
129.97201891716753
130.79179951647492
131.596344560612
132.61296539643536
133.60511723703544
134.34912666696124
136.33307114651967
138.1541010207419
138.4398586463802
138.6249518792048
137.50115259322573
138.13364773806447
138.99931863864
141.96957697375993
144.33070680052415
145.6692671070575
142.8551599945609
141.4348155222741
142.31791244280177
142.2073927809734
141.09153821594677
138.16428776554847
137.66790314010117
135.68460707614742
133.86229989483974
134.34464334597786
134.52503744271723
136.7648135448454
136.04217055469732
134.25865681255422
133.77181770232616
135.64777001521404
136.2045571771799
135.03621589922636
131.88591507358748
130.7150042726953
131.27625253786397
130.18859584413073
130.87604560740883
129.88067817603866
129.60171191773313
129.78996818214907
131.86232389069542
139.0096529875854
142.72077627375498
142.76147602592846
143.3669245215908
142.83343929968248
142.89768994029774
143.52459403351043
146.20947465350497
147.0608614833945
148.47105522789485
148.2685707951166
149.17363216916849
149.51165751065804
149.5820057633212
149.81214189119146
148.80429072208983
149.29473654405032
149.3044459894425
150.11487348229772
152.87827747914477
152.69096044864574
152.37775995086292
150.1388656629339
154.87027926115812
155.1887476907449
156.24325177845026
156.26657901287754
156.6111401129713
156.59253512621217
157.18881543910857
158.7163730203275
160.111060648043
160.02774900886877
157.90752083432733
159.65459670439185
161.02501401667294
159.6435940551041
160.25289271537122
160.36302583232163
160.8781253499912
158.20173689610507
159.54454059334122
159.53151300155469
148.3825437345576
149.21777151577092
150.43496204427058
146.62795661411107
142.67907470532498
142.56877376946824
141.75679729337418
140.4922155544066
140.40261097665433
139.03099719182563
139.25577102056675
138.1359931476085
139.81046466273148
139.95154026407133
141.74460124273008
141.2951265824034
136.9646256775513
136.8926034055848
134.41065761758443
131.56788519216028
130.2654244179674
133.8150654629267
130.00378510887293
131.48430207009494
134.52699337637762
135.64842598661602
134.7959757837046
133.32459159279784
132.56914661861094
135.21133473386342
135.17786073128238
133.7956937121844
134.85961200563912
135.85576289928787
137.22032954807239
139.2388804607777
142.08370003797282
144.0603357155878
143.70387601363848
144.48076437410558
144.73188370662794
146.97510074075163
146.86060949416756
145.56517486666067
142.8255438442309
142.58944618869614
138.84668320805662
137.15978366676703
136.43361181977542
133.9561291785519
133.13130464879447
136.49266543659954
135.73781748976754
139.70813361366754
139.89480641848616
136.7602941256563
137.93424020991142
137.88142657040424
137.13455612089305
136.46216642441257
134.93839979842625
133.64875361663707
137.62264699714203
142.45809458697337
145.23946151053627
147.16933820611013
145.95088680725613
146.79287408657947
146.77466046751982
145.65400034593432
147.16628265433576
146.56892517250103
146.85835344455026
147.96508100525733
146.85509047457106
145.7944018520226
143.51435919581488
141.7591703776292
139.83240854221748
140.76635494325342
143.44982901530022
143.8004942559864
145.0602730628314
145.7200376859169
143.02906296392575
140.6339678963443
140.16952176308322
140.30798335599405
140.95113847673278
141.0381371364757
142.0709062863573
141.01844832110868
144.14448401751554
146.0420357124052
147.76422500489204
147.7787293196952
147.60278886750586
147.3280862165374
148.42881381636337
148.1639399508856
146.92663509097906
146.49194720840194
145.62491569589906
145.67359280971658
145.75480801361076
144.8874525401566
146.17715357916276
144.43806187015485
143.37410470752357
144.22073372917566
144.67929949954134
143.7610869446131
144.02504937300372
142.89843154861614
143.8282547433889
143.23310446343112
143.4157108361363
145.49081002560723
146.36439728162577
144.9408758402885
146.6001607739699
145.99007214261115
148.59284087360763
149.24291220619992
148.5957993364785
148.76064906651388
149.99505653277015
150.17564095798605
150.67272936385123
149.95662503794094
148.82623221557242
148.99034351522266
148.65881725471957
143.22307749436325
139.78336528177945
138.1218028016299
138.71275933340996
139.77672114478224
140.51982799614797
141.9143774476585
142.3438675090707
144.17567350949534
143.6187882842908
142.9956185890888
141.64793010780798
141.8093221597705
139.84379025051075
139.45801804049538
141.17888278835386
140.730363033611
140.89582218239863
138.42889707500396
137.80899991151418
137.23213659283573
136.82290420171606
137.94194933707539
137.9268175298677
137.0323841689452
138.6166031010058
139.68089058970196
139.37252181093908
142.076456485009
142.90787312194698
142.75718672472098
143.22046441386127
144.38748009770595
145.4203604543298
146.3932706931966
146.8386817813553
147.36633934928216
149.1240624815784
150.49485273664402
151.62237251610662
151.50179787254888
149.1220848597594
150.40253047027608
151.34864511714363
151.26234942516305
152.2609895394294
152.021719577551
149.30585179601232
150.83320472785584
150.8286895357793
152.56163390315513
154.47272304876907
156.6869861773258
157.41618172717844
156.34579207585244
158.02762738041972
156.4557947059092
152.93266801550448
153.9672420175088
149.72660846424188
155.30389508093964
155.10967901738863
155.82516933569013
156.0180414747488
153.2823170617699
151.2735293560026
150.25398027504775
150.54006962082778
151.5300744841243
152.07596356764859
150.80468532201553
151.53817767443843
150.2015026266183
150.27724889372314
153.51259965223838
152.76443914034067
153.8063381756457
152.77935230170098
153.837795257325
152.04762588439988
152.4538849915473
152.16930094165176
152.43289434816057
154.43418657519692
155.16327148685937
154.2455831822732
153.05776486556184
154.15197056727288
155.03135310959618
153.70823903926802
152.44315804036475
152.05636098645454
150.10001975534666
148.18309283709922
145.78833026565601
142.00794719340556
144.2011692072003
146.2821568153742
147.29272549778725
149.2238931402208
148.2582087206802
148.46495163828968
150.4298654456609
150.7571333889276
151.46324690267855
150.31705841032627
151.66039638588984
152.20343887649935
154.1473507676552
155.35756100865362
153.75460457607602
153.94215334740116
153.47743430369394
153.26175023015367
152.43279548731897
152.3164553724248
152.65378787786887
151.05888680358981
150.36388334270674
150.90200958313605
150.45966802421384
152.0160307466687
153.847710769866
155.8291511058113
159.6017674030522
164.0034677596347
165.32129321534606
164.37893233193068
160.17760713060147
162.28929023938167
161.33358434001153
162.19121692795048
164.26364182017215
165.90413571894686
165.72361587122646
164.9617433272963
166.33679416726397
165.24501804814798
165.67276706395504
165.1524420648434
166.0548895028879
165.66596342545532
163.03988464953224
163.68562394075028
163.61404094917285
163.1759834429552
164.7607744159012
165.48101732492952
166.00128007821985
165.78151111263531
164.5249099896692
NULL
162.18410597577437
159.48982862990565
160.14806987791943
162.20997234351336
160.20559491410387
162.76000586697083
163.92903376075245
160.77651364632746
160.47593050909222
158.89945564819377
160.1932898779467
161.6464075294302
160.3538772909791
NULL
161.2704881769053
161.44430288001809
162.87362558483107
162.70704457056073
162.70585870277688
163.33754601766884
163.50080538150956
164.96625046616685
167.13861806269404
168.03150752334378
167.1367565619527
165.6847926279897
168.5446990640432
168.90596838528586
165.5209260833151
163.41138249150902
161.9070791460532
162.6821556345946
158.5398953998429
157.09686378930616
157.94310227105285
156.97282756749544
154.4704635131341
152.5232913294226
151.28047524927362
152.13303054025414
149.44670557379519
148.17392100680686
143.71120523173656
139.3900757355335
134.98585613265482
131.98331492522175
141.7796918810378
136.36430001052142
141.4683111529493
141.03793198418532
138.14477858842855
137.5725047052441
132.50546953675857
125.94552012101795
126.60544072713635
126.32317233226132
129.05729477058097
129.1804912679171
125.85110511460563
128.441852477898
132.01916324723302
135.45660002440013
135.57284791301583
133.95255058063378
126.81379610175173
122.20085880492991
122.63508945602048
122.88799469872674
119.47181774230022
117.1151494790033
118.45346393025126
121.89514571047773
125.81590966438726
125.84163395437454
122.33435263820839
121.40488444772767
121.69870132535534
117.96961831992468
113.95357359088712
115.49693958733076
119.60507936931053
119.94938035159889
121.17539962881534
120.0609655537556
116.559912295927
112.48966583131298
114.80901301383012
118.27744554651201
120.4648985722948
123.66753107646062
124.85049356060345
126.96412410683281
128.0686132295982
128.4785914020975
128.3172582302897
126.41575893628581
125.6931989228564
121.74328633402897
123.185830848352
127.18672737626527
128.52857977291498
128.60107717932553
127.79086712344778
128.77354006043385
125.39373323894456
119.61156568431947
120.61240111831567
122.48489008813999
125.6794559783516
122.81210421449413
123.69756170856482
122.10502285261619
121.15701309538191
123.03544820354783
123.53693132176736
123.76393284267827
124.60250011825694
123.02976761426356
121.64703319792382
118.11766724812772
116.6752502227885
116.58522674366229
116.91461443070617
117.03738628958874
121.73234394927503
122.80082930020538
125.36804571314903
127.66309970978753
127.393358265646
127.64069656189923
127.2083820288643
127.20280433758535
126.41114358417862
126.240745647946
125.82173438593443
126.10797712229066
124.99925894353724
124.50790625701462
124.38446227684437
126.11159564985503
124.08309205961677
125.7974546811699
126.07916561302952
127.26293435958776
128.09151822484816
128.33171313762304
128.4038899303696
129.5067084574804
132.63255767201085
134.50391752331433
134.64271770549266
134.89738380996977
NULL
134.15788692234253
135.47070763260905
136.736441199847
139.12257341128168
139.26615801231645
140.076437882117
141.79797518617536
141.90271703655353
143.84721388856886
143.07165376839598
143.93860365353416
140.01961134281453
140.41623153731337
143.71755666230686
144.16205157450645
140.9100327219254
142.11359426719898
144.27803259387812
145.88563425572224
146.39563710594695
144.85744264860244
143.51846168897728
144.01795296694067
143.9257080385135
143.58833036530547
144.18599254862792
143.89293060860092
144.61891152081154
139.2914866299288
140.35655821178193
140.8683302165079
139.0474262657223
137.92894039937238
137.59840212749174
137.84234983037035
136.5937781152673
137.02813080662884
136.7642082108021
136.62514990046947
137.0870191224219
136.7887289550448
133.93308603695613
134.35716172192218
135.92341217415063
136.8366223062966
137.82323357496682
139.3195635328581
140.27622447494144
142.1033384701904
141.81785092297824
141.4335388027291
138.39068657431866
138.48894570279796
136.19462802555827
136.47188016542844
137.43267304730188
137.2481151151786
135.97736096305013
133.89798932414152
134.93239230813782
135.65960045915836
136.53523863961132
134.26501123245734
133.29080546347166
133.08657252975053
132.9583053560381
134.1238769371862
132.87518844975014
133.48945385215876
135.9961942909896
136.06485193887406
136.99564140922305
137.1660284031759
133.98787169722178
134.88925886498694
131.57342132538673
127.53237291398533
127.40237260174989
123.27326268894775
122.76639760714363
122.36677571737083
121.40950443187431
120.96261126275687
119.84320087628787
118.288801224729
119.335419051963
117.81814238077656
116.69651746136822
117.35890629519987
117.80603664391306
115.9890345290019
116.98116459951552
118.53183298484423
117.21057236654552
116.51894497947451
117.14129229836747
117.8404070273091
117.85245924756049
117.46286450709032
114.65055964194867
112.87341199113224
112.50921323241658
112.17300354224037
116.22709758209196
115.43763147352166
116.93341679135132
115.36204538559511
113.69184374523392
112.38546038747384
111.1241309663989
112.90172779375644
114.54947774276647
115.1062159761427
115.31543139261846
110.2453749509583
109.14033233371023
109.74461562332202
109.64327629983326
112.35452392078307
113.77722583056932
114.53554256129173
114.64926128163545
115.0812402013884
113.81842107560841
112.21769213850517
112.60438564832909
111.69958909592364
111.31136347938498
112.51626599164875
113.98481601553199
114.83322132501979
111.79717288163211
112.48168900975891
112.96138154072251
110.36747125355417
110.60591696159825
111.09987177950869
115.52225561992833
118.09248649383032
118.80614651040491
118.69905660428061
119.00380031137058
118.66573692308904
120.17352271729648
121.86489027223597
121.07290302220724
120.25439875702573
120.03422334197906
119.21766232247145
119.32672613279638
119.858051237964
119.32620938765604
119.07745962351784
120.0800139396569
120.48978030172741
119.1940609067859
117.85983165850817
117.73808363175031
116.37572571467652
115.95556658492355
114.371557090504
115.72997366271733
114.85508065170274
115.68475412874831
116.96741863842836
116.26635580094946
115.72166772491593
120.08415431622834
123.14808452118085
124.3782373725216
124.07837712064493
125.50647847144401
127.20048456390872
131.22643698009395
131.3165098448549
129.18793662504967
128.89484439612218
127.6431330619689
128.68669811297403
127.3947085630739
126.67274697946176
125.30670580943735
124.89747175208582
124.48407756185561
125.35855363085442
126.93473617818192
127.55088529027246
127.87477477477478
128.39689959498307
127.96897823712293
127.26447577298629
125.29857055169079
126.6270162563561
127.2317483132924
126.722168152261
127.23093550395778
128.96877907539042
129.17571400215823
128.98354623549662
128.40774902779762
126.92186626938256
125.94916797356606
124.87934418816431
122.56285732173868
121.17680177683313
121.35267297600127
121.0486782143573
120.80629534447954
123.38446431388488
122.1734484464847
124.01420729783926
124.33484707311166
123.79763062174933
123.12123308496508
123.39474389532252
122.60493042388029
122.84191265560352
121.66234926849188
120.10760056194272
121.62936566025745
122.37442440006713
123.12855145784278
124.22402124672543
124.81484184121744
124.48329650938918
126.30543260212018
126.56107410046553
129.3118558372036
130.2874517216967
130.52599073068095
130.23785063280047
130.83301691608324
131.81079697903579
132.25516544406227
132.425380008744
133.20988020228484
133.63446521637513
135.06514140465924
136.01462131567615
136.05446419092863
136.52008472801774
136.2094985174788
135.38253614605563
135.21395016953633
134.487379052703
133.7683225454613
137.28501506088062
136.51692476043326
136.32475675025975
136.44667204089413
136.93505543661288
138.3953469558941
139.13508118435828
139.04917895455478
137.9099972034863
136.1469925195939
136.768617855963
137.90296855538548
137.00527679282325
135.98382922203345
135.97001279414562
135.9120859750069
136.67286874401242
137.00008800922689
137.26310304659248
136.9539588832173
137.31688922661576
137.141088643227
137.27778024524423
134.75259668125736
134.38661611151446
134.9574175378168
134.88530768985888
135.09990077157332
134.79600085909317
133.65620184949722
134.77413771865284
140.78228220266934
143.48235315387075
143.1986828387438
143.75368850314095
146.41935750910918
146.1979494940256
147.5050902300866
147.2480148075363
145.54922641609323
145.81538472381732
147.94501825885146
146.4636983772754
144.74668723780835
146.31978248143213
146.78584468627153
146.21654801488629
146.07207694275917
145.6919674537277
145.50813156272457
146.05237972624462
147.250159846745
148.1327102379446
146.5265649629464
141.28337919797198
147.38008181285988
146.70977427941492
146.7440681527213
148.06297694583
147.4998554284429
147.04804920682952
147.7203280741733
147.57041715074425
147.89769974170537
145.81471945612813
143.6131660255727
141.42771056167595
141.208947177104
143.26484104789404
144.72262162928533
143.89172905282268
143.3597445354537
142.01776639615352
141.03695761061275
140.45229971953307
140.08463081397122
139.87206147819728
142.27863019583668
147.52911712820378
149.78442411260457
149.63385709423508
146.1364706820428
145.44458600595928
147.30286169285895
148.2145776264905
148.47675518405504
147.1228993763991
147.41503140638468
147.97387686894385
148.71746512106722
147.74722869670404
148.26364748083043
149.11928092642742
149.54796076254846
149.30687036577814
147.10087323320565
148.2192036625956
147.47197491428554
148.49740105447123
147.53357245270465
146.85976726474078
146.31717297012665
144.97776698913404
145.39921907420683
144.64888815437354
143.4370953904073
144.78270752145153
143.83287564099146
143.19313051615057
141.0263981322843
141.742223303849
145.01440411788917
145.95795709462098
145.15050975860447
143.14124345067145
141.38032183433754
141.55532015509658
142.85818740086066
144.97387189788603
146.23550118162058
145.73734270826222
144.39492775443577
143.44001498184892
145.56970127549408
146.061210357915
147.93076317459347
147.43998232388282
147.2560902099429
149.25888887634488
150.15038397446918
150.69105172049515
150.43247166119863
149.4361932146601
149.5969240530464
149.3806680004038
148.8539630274851
147.74055476130474
148.4619407418564
143.52020565159285
143.3220319171816
143.30153457910433
144.18820652284882
144.6834387207557
145.65533078749098
146.04839676702454
146.33936294719126
146.1568074825159
144.96231583972886
145.20083949080694
146.00568617621477
147.11676622146095
147.05371044206916
146.31055316601282
146.7694138897982
146.30242439099166
145.4318611639563
145.86883251507663
146.4590582021561
146.95806478990602
147.09078044722608
145.64147583952848
142.93404593938246
142.10427206957317
141.90921284370782
142.71020889995924
142.6417222553726
144.46188301783945
145.99061968566656
147.3359836695383
147.60053206229563
148.58758230245675
150.01573131022076
150.53147130124634
149.5051395932538
151.05489263572002
150.39400532599473
150.96930038398224
151.89593991908055
152.3384666501076
151.5431622127944
151.1303312437571
152.81642071351393
152.72778303112958
152.50770614447487
151.21592973907286
150.97333204001046
149.93100879197507
149.49429662592806
149.20840333807394
150.16081647366286
149.54799111868508
147.22259022728872
149.79289588467873
151.14153757975396
150.53865175129832
151.57715221558317
150.74731986783254
149.33504759686204
150.38156444394852
152.97058657989143
153.99028831795724
156.4112953164115
163.13837043266776
163.5142919605364
163.65467227598913
163.65847129890054
164.6732569226741
165.1786664217317
164.168422553377
163.84584038724935
163.78463797064109
164.87135693838735
165.1665083612562
165.03687210303752
165.6265299143694
166.13045866566418
165.94981986405094
167.54689053478884
167.45370601393478
163.90617001883166
166.55333604605838
166.90931088633386
165.75445362167468
166.75319377511863
167.2393697443722
166.7700354942982
168.05378208825806
168.23757525459723
168.12816081649365
166.86430469679408
164.11223883820116
162.0310318620152
162.69120496996166
164.03779949724054
165.33664543803292
165.9785410944706
163.87277576163234
162.67240690344138
162.33066001968413
162.74990708602888
163.53577563321778
164.342383604275
166.82361489124744
168.55303660740555
167.01757163459646
171.79207600812165
170.5484462040174
169.83505369874823
169.31013406294377
166.59325249421204
168.765321088912
169.76194436526748
169.71763542716906
169.7
173.61417502534113
175.25616505612138
172.76332457075333
165.95297891869257
167.39256613268537
164.86811453480212
161.81146899227207
163.41366923419406
163.38067033064138
163.35102537547118
162.09985129481967
