low
123.5
123
118.25
118
117.25
119.5
119.75
119.75
122.25
123.75
121.75
121.75
123.5
121.75
122.5
121
122.5
123.75
121.5
121
121.25
122
123.5
125
126
127.75
129.5
128
128.75
128.75
128.75
130
126.75
126.25
126.75
125.75
125.5
125.5
124.5
125.5
114.75
112
113.75
115
113.5
113.5
113.5
116.5
118.5
118.5
118
113.75
115.5
115.5
117.25
117.25
118.5
122.5
121.5
120
119.75
118
119
118.75
119
121.75
123.25
124
122.5
122.5
121.25
123.5
124
124
123.25
122.75
125
126.75
126.75
127.75
134.25
135
136.25
135
134.25
135
136
132.75
133
134
132.75
135.5
134.75
135.5
137.25
139
139.25
142
142.75
142.75
144
144.5
143
146.75
148.5
150
151.5
145.75
142.75
149
149.5
147.75
152.5
155
155
153.5
155
152
152.5
151
149.75
152.5
153
153.5
158.5
159
157.5
158
160
159.5
157
161.5
163.5
164
162
158.5
160
159
159
157.5
152
152.5
150.5
154.5
161.5
159.5
159
158
154.5
155
158
155
147.5
153
154
152.5
146.5
143.5
152
152.5
155.5
158.5
158
162
161
157.5
162
166
167
166.5
163
160.5
156.5
153
154.5
155.5
155.5
156.5
155.5
156
163
162.5
164
166
166
168
168
167.5
168
173.5
174
172.5
173
174
174.5
175.5
176.5
174.5
177
176.5
177
178.5
175
170
177.5
176
182
186
190.5
190
188
190
190.5
193
199
198.5
194.5
188
185
171.5
180
175
173
163.5
161
166
166
166.5
172
165.5
168
177
182.5
183.5
180.5
182.5
185
187.5
187.5
187.5
183.5
180.5
177
176
176
177
176
178
182.5
185
182.5
176.5
169.5
159
162.5
163.5
159.5
161.5
161
158.5
152
152
149.25
139.5
132.5
143.25
151.5
158.5
154
158.5
155
151.5
159.5
162.5
155.5
154
151
151
150
152
143
147.75
143.75
145.25
145.75
144
148.25
147
149.5
152
155
159
155
153
152
154
155.5
153.5
152.5
151
156.5
153.5
153.5
148
149
146
149.5
152.5
156.5
156
156
159
160.5
159.5
161
164
161
161.5
158.5
157
155.5
156
159.5
159.5
161
163
163.5
164.5
175.5
178.5
180.5
179.5
181
185.5
185.5
183.5
183.5
185
184.5
186
188.5
191.5
193
193
195
192.5
189.5
190.5
192
190.5
189
191
193.5
194
191.5
194.5
192
191
187
180.5
175
176.5
178.5
180.5
185
182.5
181.5
184.5
177.5
170.5
169
165
166
163.5
164
159
161
162.5
160.5
163
159
154.5
157.5
157
159.5
165.5
165
166.5
166
171
163
160
157.5
155.5
159.5
159.5
156
153
149.5
155.5
155.5
156.5
156.5
152.5
149.25
149.75
151.5
150.5
148.75
147.75
146.5
144.5
145.5
144.5
147.75
152
157.5
159.5
155
149.25
150.5
144.5
140.25
138.75
141.25
137
139
134.25
129.25
135.75
140.75
137
135.25
135.25
133
125.25
121
128.75
126
122.75
116
111.5
99
106
97.25
107.5
117.75
108.25
102.25
104.25
112.25
118.5
109.5
88.5
78.75
81.25
80.5
86.25
93.25
92.75
99.25
98
102
91.75
89.5
96.5
90
84.25
82.5
86.25
85
82.5
80.25
76.5
79.75
83
89.75
94
100
100.5
96.75
94
94.25
96.5
93.25
99
102.25
107
107.5
104
109
108.5
110.75
113.5
106.25
105.25
106.25
109.25
113
115
116.5
114.5
112.5
112.5
109
106.25
100.5
97.75
101.25
98.25
99.25
97.5
100.75
97
95.5
98.25
102.25
103.5
106.5
100
101.5
105.75
107.5
110.75
113
112
111
107
111.5
112.75
108
105.75
103.5
100.75
99.25
97
100.75
103.25
106.5
103.5
100.25
104.25
107.75
107.25
104.5
106.5
112.25
111.5
112.25
113.5
113.75
110.25
109.25
107
113
112.75
110.25
113.25
112.75
109.5
110.75
112.5
114
119.25
117.25
115.5
113.25
117.75
121.5
121.5
124
124.5
124.25
120.75
123.5
121
119
117.25
113
113
114.5
116.75
122
124.25
124.25
124.5
123.25
121.25
115.5
113
116.25
115.5
119.75
120.5
118.5
119
118.25
122
121.5
123
125
126.5
126.75
126
127.75
123.25
124.25
125.25
126.75
126.5
125
124.5
120.25
121.75
120
118
119
119.5
118.75
119.25
121
121.25
120.25
119.5
117.75
118
116.5
118.5
117
117.25
120.5
122.5
125.25
126.5
127
128
124.75
130.25
130.5
128.5
128.5
129.5
129.75
130
130.75
132
130.25
131
129
130.5
131
130.5
131.5
130.5
129
128.75
128.25
130.75
131.25
134
135.75
136.5
135.25
136
136
133.75
132
133.5
135
135.25
135.25
137
142.5
142.75
141.5
142
142.25
140
139.5
139.75
141
141.75
141.75
138.5
136.75
140
138.25
137.25
134.25
135.25
137.75
138.25
141.75
143.5
146.25
146
147.25
151
148.5
148.5
148
145
144.75
145
141.7
142
137.5
130
132.6
130.8
129.2
133
132.5
134.5
136.1
135.4
136.2
135
133.4
132.5
130.9
131.1
127.9
127.4
130.5
131.1
131.4
128.8
127
127.5
128.7
128.7
129.1
127.4
128.1
127.3
126.3
126.5
127.3
129.4
130.1
130.2
131
132.7
133
134.9
137.6
137.8
137.7
136.5
137.6
138.5
140.8
143.5
144.2
141.8
140.5
141.7
141.1
140.2
136.7
135.7
134.1
132.6
132.3
132.8
134.2
133.2
132.4
133
133.7
135.2
134
130.6
129.5
129.3
128.6
129.2
128
128.9
128.4
131.1
136.7
140.9
142.8
142.9
141.6
142.1
142.2
144.7
146
147.3
147.2
148.3
148.5
148.1
148.9
147.6
148
148.6
149
151.2
152
150.8
150.4
153.6
154.2
154.2
155.3
154.9
155.5
155.9
157.2
158
159
157
158.4
160.3
158.6
159.5
159.7
159.3
157.7
158.7
158.3
144.2
147
149
144.9
141
141.2
140.1
139
137.4
137.3
136
135.1
137.5
138.8
140.9
138.8
135.5
136
131.9
129.2
128
130
128.4
130.5
131.8
134
133.6
131.9
131.3
134.3
133.3
132.1
133.7
134
135.2
138
140.5
142.6
142.6
143.1
144
146.2
146.2
143.9
141.4
140.9
136.2
135.8
134
132.3
132.2
134.2
134.1
138
138.6
135.8
135.6
136.6
135.7
134
132.5
131.8
135.3
140.2
143.6
145.7
144.1
145.1
145.5
144.9
145.8
145.7
145.4
146.9
145.2
144.9
142.7
140.1
138.6
139
142.5
142.9
144
144.2
141.8
141.2
138.8
138.4
139.6
140
140.7
139.6
141.9
144.3
146.4
147
146.9
146.2
146.6
146.7
145.9
145.7
144.9
144.4
145.1
144.1
144.3
143.8
142.7
143.1
143.5
143
142.9
141.3
142.1
142.6
141.5
144
145.3
144.3
145.4
144.5
146.7
148.1
147.6
146.9
148.9
149.3
148.8
148.7
148.3
147.6
147.7
140.9
138.6
137.1
137.4
138.7
139.5
141.1
141.4
143.6
142.4
142.3
140.6
140.1
138.3
138
139.8
139.8
139.5
137
137
136.4
135.9
136.8
136.9
136.2
137.9
138.5
138.8
138.9
141.6
142.1
142.6
143.1
144
145.4
146
146.6
147.3
149.4
149.5
150.3
148.4
149.2
150.7
150.5
151.4
150.6
148.1
149.1
149.8
150.4
152.9
154.1
156.4
154.9
157.2
153.9
151.6
152.5
152
153.7
153.8
155
155.2
152.3
149.7
148.7
149
150.4
151.2
149.9
150.8
149.3
149.4
151.7
151.6
152.3
151.2
152.4
152.8
151.8
150.4
150
153.7
154.2
152.9
151.7
153.2
154.1
152.5
151
150.9
149.2
147
144.8
139.5
143
144
145.8
146.7
147.4
147.1
148.6
150
150.6
149.4
151
150.9
152.8
154.6
151.8
153.3
152.7
152.3
151.9
151.5
152.1
150.1
149.5
149.9
149.8
149.8
152.7
154.1
158.4
161.7
163.6
162.7
159.1
160.3
160.1
159.8
163.4
164.8
164.9
164
165.7
163.8
164.8
164.1
164.7
164.7
162.1
162.8
162.3
162.2
164
165
165.2
164.8
163.3
161.2
158.1
158.4
161
158.7
161.2
162.7
159.5
158.6
157.8
158.1
160.9
159.4
159.8
160
162
161.7
161.8
162.4
162.7
163
165.1
166.4
165.7
164.6
166.2
167.8
164.6
162
160
161.9
156.6
155.6
155.5
155.7
153
151.4
149.9
149.6
147.7
145.9
140.7
132.3
131.4
124.8
136.7
133.1
138.7
139.7
136.8
136.4
128.5
123.1
124.1
124.8
126.5
126.4
124.5
126.9
130
132.1
134.1
132
125.6
118.7
121
121.5
118.1
114.8
116
118
124
124.6
120.9
120
120.2
116.3
111.2
112.7
117.7
118.5
118.5
118.7
115.6
111.1
113
116.3
119.4
120.6
123.6
123.8
127
127.4
125.9
124.9
124
120
121.3
125.5
126.8
127.1
125.8
127.4
123.7
118
119.6
118.6
124.5
121.1
121.3
120.3
118.2
120.8
122.5
122
123.5
121.7
120.5
116.7
115.4
115
115.7
115.3
119.1
121.7
121.7
126.5
126.5
126.6
126.4
125.7
124.8
123.9
124.8
124.7
123.1
122.8
123.2
122.8
122.1
124.2
125.3
126.4
127.4
127.1
127.9
129
129
132.7
133.9
134.2
133
133.8
135.5
137.5
137.8
138.2
141
140.5
142.7
142.3
142.5
138.8
138.9
141.9
143
139.8
140.5
141.2
145
145.3
143.7
142.4
142.8
142.6
142.2
143.5
142.3
143.2
137.8
139.1
140.2
138.2
136.9
136.3
137.1
135.5
135.8
135.6
135
136.2
136.1
132.6
132.1
134.5
135.5
136.8
138.3
139
141.3
140.3
140.6
138.6
137.5
135.4
135.3
136.7
136.3
134.9
132.8
133.4
134.5
135.9
133.4
132.2
131.8
131.9
133.1
131.9
131.7
132.9
135.2
136.1
135.4
132.7
133.9
130.3
126
126.5
122.1
121.4
121.6
121
119
119.2
117.3
118.5
116.7
116.1
116.1
116.6
115
114.9
117.5
115.8
115.5
116.1
116.3
116.6
116.2
113.1
111.6
111.6
111.5
114
115
115.6
114.8
112.4
111.6
107
111.3
112.1
114.4
114.6
109.5
108.3
109.1
109.1
111.2
112.9
113.8
114.1
113.8
113.3
111.6
111.3
110.8
110.6
111.6
112.9
114
110.3
111.4
111.8
109.6
110
110
113.6
115.4
117.7
117.9
118.3
116.8
117.4
120.8
120.1
119.4
119.5
118.5
118.5
119.4
119
118.4
119.6
119.6
118.4
116.9
116.7
115.6
115.2
113.8
114.6
114.2
114.2
114.7
115.2
114.7
117
121.4
123.4
122.9
123.3
126.1
128.9
130.3
128.6
128.1
127
127.7
127.1
126
124.5
124.1
123.5
123.7
125.3
125.8
127.3
127.4
127.5
126.6
124.5
124.3
126.2
126
126.2
127.4
128
128.1
127.2
125.3
124.8
123.5
121.5
120.6
120.7
119.8
119.4
122.1
121.7
122.5
122.5
122.7
122.3
123
121.6
122.2
121
119.4
120
121.6
122.1
123.2
123.8
123.8
124.8
125.7
127.8
129.1
129.5
129.6
130.5
131
131.4
131.5
132.7
132.4
134.3
135.1
135.6
136
135.2
135.1
134.6
134.6
133.9
135.5
135.9
135.5
136
135.9
137.3
138.6
138.5
137
135.1
135.8
136.6
136
136.1
135
134.3
135.9
136.2
136.8
136.6
136.6
136.5
135.6
133.2
133.2
133.8
134.3
134.5
134.1
132.9
133.6
138.2
142.4
142.8
143.5
145
144.6
146.2
145.5
144
144.7
147.1
145.6
144.1
145.1
146.4
145.5
145.5
145.3
145
145.2
146.5
147.4
146.3
145.8
146.2
145.5
145.6
146.8
146.7
146.1
147
146.6
146.5
144.8
141.8
139.9
140.4
141.2
143.9
143.2
142.2
140.3
139.3
139
138.9
137.3
137.9
144.4
148
148.8
145.3
144.5
146.1
147.4
147.7
146.1
146.7
146.6
147.7
146.9
147
148.6
148.4
148.6
146.4
147.3
146.9
147.5
146.9
146.2
144.6
144.2
144.8
143.8
142.1
143.3
143.1
142.2
139.5
140.9
142
144.8
144.4
142
139
140.65
141.4
143.7
145.5
145
143.9
142.6
144.5
145.2
146.3
146
146.3
148.3
149.3
150.1
149.8
148.3
148.8
148.5
148.2
146.7
146.9
142
142.5
142.4
142.5
144
144.3
144.8
145.8
145.5
144.3
144.5
145.2
146.2
146.6
145.8
146
145.7
145
145.1
145.5
146.2
146.3
144.4
141
141.4
141.3
142.3
141.7
142.6
144.7
146.4
146.9
147.4
148.6
149.7
149
150
150.1
150.4
151.3
151.4
151.3
150.9
152.2
152.2
152
150.4
150.1
149.4
149
148.1
149.6
148.4
146.7
147.2
150.7
150.1
150.5
149.6
148.5
149.4
151.7
153.2
155.2
160.2
162.5
162.9
162.9
163.4
163.8
163.5
163.1
163.1
163.5
163.8
164.3
165.1
165.3
165.3
166.7
166.8
167.3
167.3
166.2
165
165.9
166.7
166.1
166.6
167.4
167.5
166.5
161.9
160.4
161
162.2
164.6
164.2
161.9
161.8
161.2
158.5
162.8
163.2
165.6
167.6
168.9
171
169.5
168.7
167.6
165.2
168.1
169
168.8
171.8
175.1
172.5
164.3
165.5
163.3
160.3
161.5
162.2
162.2
161.2
