volume
1292693
3626768
4417571
1530782
2978248
1285970
1906054
2114830
3551045
2784280
2193605
3261039
2371512
4744285
2229822
1763365
2510077
2316113
1807104
2011244
4375663
3480646
4118802
3718405
1919290
2062056
8428264
3802936
3019519
3725615
2284429
6336958
8992796
4705085
3937526
5837326
2031574
1465029
2258979
3242005
14825734
13949375
9378220
6862867
5064431
2593068
3789444
5986453
3540054
2583163
2343224
4888836
2536148
1599790
2494356
3008354
3144805
3143755
2018835
1793224
2412446
2713272
2374276
3129510
2405253
6314940
4069821
1280502
3233951
3260956
4661511
2481738
3542428
2995867
2663070
3002803
3436645
6072973
3771086
2390003
13717874
8138991
1589309
3961238
2624376
2257491
3152474
5413227
2451097
2506550
4320115
2700595
3675344
1177345
2582100
2681113
4833939
4122428
3361463
2222976
1150433
4023618
4930347
4009013
4661295
2913888
4489834
8136983
9811489
5730739
5892568
5576271
5864298
4675459
6393511
5052523
3617512
4487710
2631748
3892294
2839644
6225676
3523818
3334149
2311202
2393633
3479083
1634263
2281007
1996823
2142819
2699168
5454201
950057
1637937
3056868
3441689
1579958
1838451
3025953
6262224
13387737
6853323
4803813
5466416
4421682
5441667
2653687
3131716
2327754
3446857
3933304
9858708
4596465
4884625
4542995
12219991
14263837
5836777
7887730
6750881
4793866
4391060
3341589
7281965
8812161
4983885
4978459
3774854
7758025
9609833
7134978
6881331
5936615
4781552
4800574
3163738
3151770
3136951
3868854
5694470
2573516
2702472
4049950
2596669
1867232
3676741
2971443
3204109
4359288
2911840
2601864
4613941
2713120
3565112
4229238
4934203
3661738
3654908
5504823
4794532
4140193
4879480
8868498
5187184
8242623
9506191
5425105
3293031
3500175
6031275
6600029
3630407
6571808
7098923
9069764
8650441
8371300
8680050
14116936
13349401
8914784
8899186
10795260
14111622
10447992
4362243
3355802
5764824
8604521
7863598
7282855
7527943
4137011
5389394
6124379
4913491
2620846
3168398
4279343
6042072
4960761
5336587
4589651
4001752
4165208
2169847
3330670
2772851
3514589
2005248
4575608
4645124
8681995
8239433
7013977
8043213
7163572
5222449
7335661
10642851
9727880
9788506
13700916
15255362
9510935
7379983
7420299
5723619
4590868
6219301
6905975
6517446
3580447
6056575
4721703
5185988
5132269
4888148
3714739
20963104
8860854
8201498
4970445
9873044
4197863
6533578
4786605
2988623
6413863
6557022
5337360
5506558
5493027
6038386
3679947
4127404
5335465
3654558
4054518
3204946
3852237
3466212
3619057
3706368
2032793
4051680
4918850
4536161
3750777
3863904
5100667
5621383
3546783
3863810
4239789
5450024
2557410
5925944
6950965
4378260
3739246
3926464
2493782
4962471
3058431
3831740
5136212
8482763
4844431
3380154
2778661
1677224
2970304
2238078
3948333
2794686
3521236
2786390
991244
2936561
3151657
3455981
2727822
3831489
4305989
5191556
4234786
4111338
1528731
4160692
2862290
2931423
2524849
1853585
877469
4338674
2580146
2262308
4047916
4839339
4125352
3163760
2910163
2393502
2771520
4118179
3579810
5659852
6041694
5364187
4789772
3594909
3854905
3596506
4280348
2683274
2795158
3316843
2336706
3018473
3062977
2283433
2971248
4323377
2786565
2228883
1805345
2537455
2638594
7206786
2993376
1791514
1975186
2960685
2191484
1391792
1455532
3875681
2191144
3125777
1964077
1467729
2207400
2824054
3081279
1403712
3215825
5017648
3679599
2718555
6628434
1718052
2920290
5780725
6127112
3241421
6281729
4691076
5807476
4309388
5589203
6440802
5160379
4006940
5690500
4760847
4925623
7716774
7109954
3598961
2941198
2985909
4973114
3963415
4182124
6086202
3419900
4756004
4603028
4968150
8191655
12861551
6694922
9525958
7677578
9430571
6015809
7355353
4549639
5158484
5159614
6556654
18143513
11477157
4820284
5890955
8570239
7402736
2657279
3463162
5502592
4635790
7325817
6713355
8003358
6288060
6423264
6390769
4917655
3838908
4053358
4392924
5491126
5609670
5526219
10146429
6962479
5061369
4759645
3530243
7112689
5193334
7583410
4058053
4988844
9506040
4554617
3949832
7471666
4129254
4523334
6984178
6098816
8813020
3651646
2212125
1770418
2611195
1763581
1098380
3579726
4363007
2326250
4410756
5145834
6373659
6169278
3754345
3641365
5897261
5488924
3631131
6518736
4962413
4581095
5256630
2813059
6733613
4644429
3739681
5440192
3260793
4393929
4453474
3304185
4051080
8619227
3697358
1592645
4092168
3640284
5248877
4396223
4587433
5741194
3865495
4264197
3879420
3108070
4229124
4783787
5701787
4853275
4024143
4167611
5196331
3822972
2909794
2012317
3700797
3173632
3820708
4316578
3184423
3842617
3181531
2905965
2253362
2535025
2811692
3497905
8454393
6008311
3302008
3341453
3313945
1755597
4104881
3286104
2505159
4039532
4140036
5219161
4510133
8327462
4668821
4048101
4333621
4383968
1843882
4944866
5752230
4657653
4564062
4970687
2968246
3056536
5649124
3734526
2696632
3269096
3097246
2336459
3055565
1228412
2326190
3666699
2277983
2856506
2597906
3804455
3021857
2447997
3017931
3214842
2162394
2564663
2344090
2011533
2341556
1685845
3679242
2512528
3210213
2034686
3719706
2637201
3017487
2010271
2192341
1513086
1390603
1373934
1309885
1244539
1802441
1729073
1280283
1215006
1308720
2301210
1605400
1724683
1803300
1738268
2937295
5509451
3016553
2305567
1603042
2233138
3453928
2255141
2176267
1570172
2551704
1647444
2567667
1519736
2191946
1315526
2545417
1609428
1697802
1523838
1707992
2744229
3464721
5222497
3929154
2301771
1541901
2778285
2354161
3894702
2529920
1755704
1490223
1894081
1512482
5132300
5857364
2017570
2308028
1894054
2196867
3204493
2069113
1400183
2520616
2510220
3509038
2654816
2863063
2628662
2932936
2834604
2811558
1979458
2028074
2412198
3134432
1873108
2574350
2106370
3320106
1635733
1772090
4143195
2071746
2852380
2056035
1340491
2143300
1706726
3476137
6066025
3839237
4296533
5508444
2858876
3873924
3682663
2847707
3525089
2869566
3171482
4729197
4774172
7390086
4758173
7518916
4362661
4238186
3314442
2582498
3172853
3294038
2574375
2779146
2761822
2619850
3701011
2293903
3158678
2554079
2593258
3015077
2526171
2592213
3881558
3228887
2981609
3756986
3454280
1883336
1157947
1353365
2293090
2383976
1115414
3944578
4218616
3988427
2721030
2640644
2477786
2092609
1738345
4857635
3238781
3160816
3242670
3477656
3329753
3540476
4498850
2272892
2172754
1778622
1870895
1988298
3949584
1870014
2015967
2379045
2932506
2580274
1012315
2088136
2499584
12202647
4060887
2788596
3854493
2554270
1810819
1529375
3083089
2256271
2257247
2074790
1590840
1714903
2007176
1697808
2701783
2330902
1941750
1646568
2087847
1526193
3803238
4127327
1913048
1785749
1516770
1297529
1471170
1230349
2206345
983496
3359993
2626292
2012064
1526213
1305588
1983954
1443972
1180343
3500088
2562387
2624864
3417399
13270284
6920749
3193589
3451076
6161194
4625419
2090869
1988324
4484299
4828760
5957915
9528936
5576195
3071746
1387912
3039838
2661422
2954265
3891076
5297687
6468753
3815442
3671757
3247339
2682973
3077261
1245112
2051384
2125310
2092065
3112587
2310389
3973666
2557428
3815589
2858819
3096952
4163703
2673907
3314241
2351226
3398575
2112834
2653193
2384966
1975059
3014660
2706935
2325188
1887496
901438
1996097
1695094
2167413
1416845
1468896
1883461
1536356
2492120
3254847
1905010
2557279
2613044
4744924
2484654
2207092
3028392
2534019
1346852
1821155
2257740
1834192
1441567
2214239
2143641
1615963
1824754
2187887
2517145
1898264
2358983
1591483
2342904
2860485
2315834
2213019
3024066
2729391
1944045
1699577
1677792
2263458
2510686
1880187
2493848
1165360
2071737
2256922
2314473
3878292
2697434
2841437
2197402
4386809
3336773
3809273
3920903
3251196
2287381
3502573
2823410
3486691
2263889
4545949
3188385
1709268
2090939
2818343
3617162
1953347
1703012
2212562
2741368
2437712
2155469
1567297
3233965
2160282
2773628
2273270
2028460
1952781
2373681
5884157
3422180
3305433
2584077
1658097
4184790
1969995
1939212
1534648
2216477
1424427
1912660
1279210
2429317
1827666
2461897
1838535
3370420
3253748
2768805
2622568
2090027
2479920
3985244
5345544
2964651
3662562
1738921
5353385
4152838
2797380
1793142
2767897
2590453
3061296
3205447
3616775
3528464
2444600
2919761
2653692
1573938
1400135
1438021
2108337
2121108
2672796
1387574
2072229
2347504
2683880
2208183
3694003
2851043
2065484
2315348
2828021
2981332
2690764
4975165
2884433
3221701
1852238
1952224
2406755
2742744
3427841
1806356
2221950
1304994
2241895
1454109
1662023
1803798
2870357
2534725
3032229
6236453
2586515
2465655
2201073
3253963
2772531
2736934
2558971
2106777
2857931
1965703
2694948
2623000
2898519
2931833
2045016
2785352
2000971
5144206
3263750
3431411
2936847
2206106
1692712
1531170
2645251
1285504
971646
2179529
1666911
1876136
2193107
1579571
2614030
2309762
2794906
1129680
1194146
1837485
1648654
1773793
1648281
2017085
1855798
1977450
649061
2124187
4628599
4684004
2075478
2438979
2252601
2881549
2545749
2591690
2127557
1773017
1655247
1853559
1243053
1463031
1573668
1528174
2421647
2554837
2188461
1889899
2618954
1696438
1904558
789325
1865511
816458
2115035
1793391
2446868
2910619
3323271
1961031
2740767
2631843
4688331
3474066
2712584
2136444
3061055
2282212
1555092
1840544
2514615
3086746
2280795
818164
845562
1584733
1717994
2129904
1620478
3652735
2157685
1462104
1777853
2768234
1761187
1720106
3262519
1472924
963694
906691
1143247
1273929
1222853
2094940
2550004
2959217
3490084
5206935
4832271
7098320
6533840
5826209
4063275
2196695
3284878
3299510
4967971
6054639
2266425
1996260
3584184
3342616
2418075
1968261
2982219
2852444
2409266
2946780
2902791
7708619
2319352
2640875
3077752
2780056
2244055
2860913
3003998
2792783
2212619
2142883
2338769
4005868
2490716
2029955
2701044
2273386
1949434
1677193
1912796
3675090
2979292
2276025
2176920
2459096
1449670
2600437
2135696
1427604
1578134
1927059
1476869
2768197
2374934
1631373
1802761
2303052
4491575
2845426
2021427
2245574
1962952
2147266
1365828
1925759
1277821
2329055
1779635
1657517
1281920
1720557
1500969
2336331
1829512
2156063
1357790
1320941
1704726
1045089
1326684
1997829
3740193
1662575
2566950
1118350
1167116
1727966
1910301
1467985
1047437
1602608
1705673
1844362
1651426
1083734
1533528
1773766
2135460
922968
728456
1025802
836416
1938225
1173923
2180204
1553693
568078
1252732
1474070
1508559
2330432
2177248
1105028
1395190
1593280
1501609
1451745
1027553
2425994
1484616
1372385
1423843
1748369
1802679
1899191
1227754
1499005
1283273
2228236
1195457
1327223
1239319
1028267
1200754
1391152
4387299
3864003
2056045
1860973
1932983
1419888
1413668
1959567
1880394
2017513
2067205
1677298
1130259
1604822
1457743
1800717
1475942
1202372
1422146
1511260
1643028
2316306
1232787
1368519
1221923
1723277
1632851
1309483
1639888
2168776
1910104
1433047
1642135
1364610
2447817
704973
1716861
1288247
1543992
1366412
1199016
1566331
1870106
1647092
1664673
3132590
1967995
4017484
2576444
2933910
1309092
1900323
1322015
1591426
1168293
2077856
2508310
1611435
2074634
2157162
2354127
1220612
2366793
1910923
2357319
1673211
1179996
1504668
1046318
1347404
1781584
2409487
3092552
1200990
994286
1648243
2249027
1559267
1447023
2642377
1567951
2952849
1428990
1596627
1348686
1112803
1983006
1383188
1147208
1055520
1611423
1428478
1422337
672110
1357973
801723
1218496
1069534
1144306
1172713
855681
1146537
1858493
3412167
2687184
1404432
1477487
1451184
1669000
3467304
2502560
1532642
1860619
1584607
2665251
2016151
1583920
1850568
1331001
1615827
1675646
1257971
1470277
1050635
1452021
2588299
1436197
1833950
1889849
1920132
1988557
989278
2202897
1329674
1060238
1596852
1361177
1506331
1756045
3852090
2719555
1753042
1461230
3963898
2464484
3358780
1852846
1507157
1267417
1570336
1615876
1321418
1898751
1513434
2097500
1410745
1165318
2007207
2394130
1415250
1587341
1190100
897655
1075240
1377615
1449866
1128168
1315259
1333817
1430808
1505856
2413335
1587445
1860638
2556404
1820838
1307945
1625211
1217444
2111751
747994
1835064
1420256
1676422
1176680
1624738
1115579
1195597
1337052
1234231
1290523
1265158
1191800
1049393
1381860
1349846
1604934
1598166
1479154
1850852
1507147
1263739
1095448
1102974
1344339
1121104
1475295
1238254
1647255
2161421
1651151
1205728
1728826
1444836
958265
1830286
1329298
1776841
1177222
1557186
1730526
1600230
1071945
1273231
1297479
1277274
1201496
1948691
1452960
1423487
3276801
1891251
2359673
2218133
1232759
2272489
1067061
888445
1942398
1546751
1823733
2339621
1819531
2248273
1350727
1694071
1606345
1544636
2102591
7619446
3761267
1936589
1891621
1606622
2645786
2073089
2100552
2285531
2695752
2163882
2291578
1880304
2292402
1554003
2289894
1625832
804639
1174436
1223355
1617174
1718089
2022476
2909649
1655241
1487680
1375499
2201901
2054346
2161326
459896
1510605
1385627
1819252
2711251
2095728
1634102
2380088
1872637
1434346
1565775
1753704
2489609
1554907
1640230
1564392
2574441
3312157
2886988
2459201
2157108
2043870
1559811
992960
1860802
3344126
1342243
1473292
1529935
2418898
1494818
972251
2106253
1540442
2273963
1818601
1212164
1772642
1505803
1411475
2210532
2181306
1325350
1851561
2426722
1511663
2250420
1682106
2288571
1996992
2519349
1676573
1706494
2666113
3063253
2440286
2019884
1536009
2785158
1582092
1909529
1353638
1803066
1819594
1571187
1405286
1415099
1771540
1866921
1102793
1730666
2041460
1248266
1307604
919007
1273737
1075599
4547886
2352714
1194334
1518263
1230539
1317704
1859711
869818
1767320
1143637
938426
1129054
1328749
1143260
1586775
1267765
1546079
1070212
1550247
1359039
1555304
989343
1742764
2425370
2931015
1350202
1432456
2021094
2091430
2362714
2824170
1443440
2306128
1681106
1507278
1841099
2436192
1843036
1634711
2459483
1550005
2009188
2682043
1908358
1061756
1443199
1897043
2051563
1697912
2218862
2527805
2618774
2101941
2986070
2916929
1852886
1667363
2278768
3111507
3013539
2509390
3660030
3129427
2044458
3738342
2067526
1224628
1376672
1428422
1295582
1206418
940376
1367762
1769734
2050888
1550115
1277931
1782235
1446130
1485577
1386746
1827774
1403263
1417502
1434226
1707149
1012605
1022136
1340093
1720659
1572774
1566856
1592978
1739438
2002108
2096430
1553091
1973027
1434255
1741740
1230433
1428741
960570
1465260
1646766
1546545
1397195
1281021
1182105
1336344
1007661
2684014
1467226
1066528
1279470
3036566
1941061
2728268
5449662
3821295
2643703
2098493
1974273
2648126
1433865
2102146
