high
126.25
125.75
122.5
120.75
121
121.25
121.25
122
125
125.5
124
124.25
125
124.75
124.25
124
124.75
126
124.75
122.25
123.75
124.25
125.5
127
128
129
131.75
131.5
130.5
130.25
130
131.5
130.5
129
128.5
128.25
127.25
127
126.75
127.75
124
119.5
120
118.25
116.5
116.25
117
120
121
121
120
116
117.25
117.75
120
120
121.5
123.75
123.25
123
122
120
120.5
121.5
122
124.25
125
125
124.75
124.75
123.5
125
125.75
125.5
124.5
125
127.75
129.25
129.5
129.75
138.75
137.25
137.75
136.75
137
136.75
137.25
136
134.5
136.25
135.25
137
136.25
136.75
139.75
140
141.75
144.75
145.75
144.25
145.5
146
145.25
148.5
151.5
152.5
154
149.75
147.75
151.5
153.5
151.5
156.5
158
159
157
158.5
156.5
155
154.5
152
154.5
156
158.5
160
161
161
160.5
162
163
162
166
168
166
165
162.5
164
164
161.5
160.5
157.5
161
158
160.5
166
162.5
165
161.5
158
158.5
162
161.5
155.5
157.5
159.5
156
151.5
153.5
154
156
160.5
163.5
163
165
165.5
164.5
168
169
170.5
170
169.5
166
165
159
156.5
159
160.5
160.5
158.5
162
166
165.5
166
169
168
169.5
171
169.5
174
177
175.5
174.5
175
176
176.5
177.5
179.5
178
180.5
178.5
181
181.5
180
176
180
180.5
186.5
191.5
192.5
192
192.5
194
192.5
200
203.5
203.5
198
197
190
183
185.5
183
178
178.5
174
170.5
171.5
170.5
177
171.5
179
183
187
189
186
189
190
189.5
191
191.5
190
187
183
179.5
180.5
180
180.5
182.5
187
188.5
187.5
183.5
180
171
171.5
169
168.5
166.5
168
167.5
159.5
159
157.5
149.25
149.75
154.5
156.5
163
158
162
160.5
157
165
168
163
158.5
157
157.5
156
161.5
152.5
157
149.25
149.75
151.5
148
153
152
152.5
157
160.5
162
160.5
155.5
157.5
158.5
159
158.5
156
156
159.5
157
159.5
152
154.5
149.75
152.5
157.5
160
160.5
160
164
165.5
163.5
164
167
164.5
164.5
162.5
164
158
160.5
163
164.5
167
167.5
167
169.5
185
181.5
183.5
182
183
187.5
188
188.5
187.5
190
188.5
187.5
191
195.5
197.5
197
199
199
194
196.5
196
193.5
194
195
196
196
194.5
197.5
196.5
196
189.5
186.5
184.5
183
183
186.5
187.5
186
186
187
186
182
176.5
172.5
173
171
173
164.5
164.5
167
163.5
165.5
162
160
163.5
162
164.5
169.5
171
171.5
170.5
176
173
164
162
160.5
163.5
162.5
161.5
158
155
158
161
160.5
160.5
157
154.5
152.5
153.5
153.5
152
150.5
148.75
150
148.5
149.75
154
159
160.5
165.5
162
153
154.5
150.5
145.25
143.5
143.75
142.25
144
141
135
143.75
144.25
140.75
139
139
135.75
132.75
131.75
134.75
132.75
129.25
124.75
120.75
112.5
114.75
105.25
118.75
127.25
120
112.5
111.75
117.75
122.75
117.25
103
89.25
86.75
87.5
94.25
99
98
102.25
108.5
108
101.75
94.25
103.25
95
94
88.75
91.5
90.25
88.5
86.5
82.5
84.75
91.25
101.5
101
104.75
105
105
101.75
99.5
104.5
98.5
103.5
111.25
111.75
110.75
109
112.5
114.5
116.5
116.5
111
108.5
110.5
114
116
119
120
120
115
115.25
113.5
110.25
109
104
103.75
103.25
103.5
103.5
104.25
102
99
101
107.5
107.25
109.5
107
107.25
111.25
111.75
115
117
116.75
116
115.75
114.25
114.5
113.25
110
107.75
104.5
104.5
103
105.5
108.5
110
108
104.5
109.25
112.5
111
109.5
114.75
118.25
115.5
115.75
115.5
117.25
117.25
113
114
115.25
116.25
115.5
115.75
115.75
114
115
116.5
120
123.5
122.5
120.5
117.75
119.75
125
124.25
126
129.5
130
126.75
130.75
126.5
123.25
120.25
118
115.75
117
123.25
126
128.5
130
128
126
125.25
121.75
118.5
119.25
120.5
122.25
123.75
121.75
121
121.75
125
124.75
126.25
128.5
129.5
129.75
129.5
130.5
127.75
126
128
130
129.25
127.25
127.25
124
124
125.25
120.5
122.5
123.5
123.75
124.25
124.25
123.5
123.5
121.75
119.75
120.5
119.25
120.5
119
121.75
122
126.25
127.75
128.25
129.5
130
129.5
133.25
134.75
132
131.5
132.25
133.25
133.5
134.75
134.5
134
132.5
132.25
133
133.25
132
134.25
134.25
131.5
130.5
130.75
132
134
137.75
139.25
139.25
137.75
139
138
137.75
134.75
136.5
136.75
137.25
137.5
142.75
147
146.5
144
143.75
144.25
144.25
141.75
141
143.25
143.5
144
141.5
141.75
142.25
141.75
140
137.5
138.5
140.25
140.75
144.5
145.5
149.25
149
152
153.5
153.5
151.5
151
149.5
146.5
147.5
146
144.5
143.7
136.8
137.3
134.7
133.2
135.7
135.8
137.6
137.7
137
139.2
137
134.8
135.5
134
133
131.5
130
132.9
133.1
132.9
131.5
129.7
130.5
130.5
130.3
131.4
130.6
129.8
130.3
129.6
128.1
129.2
130.6
131.4
132.2
133.4
134.4
134.9
137.7
138.7
138.9
139.4
138.7
138.6
139.6
143.4
145.6
147.2
144.5
142.5
142.9
143.6
141.9
139.8
139.5
137.4
135.4
135.5
135.7
138.5
138.5
135.9
134.6
136.8
136.9
136.9
133.3
131.8
132.4
132
132.2
131.9
130.7
130.8
132.6
142
144
145
145.1
144
143.7
144.5
147.2
148
149.5
149.1
150
150.6
150.9
150.7
150.2
150
149.9
151.1
153.6
153.4
154.9
154.4
156.2
156.5
157.5
157.1
158
157.6
158
159.5
161.1
161.2
159.3
160.6
161.9
160.9
161.2
161.2
161.8
161.3
161.6
161.6
151.2
150.4
151.8
148.6
145.2
144
143.3
141.8
142.8
141.4
141.6
140.9
142.2
141.2
143.1
144.1
138.7
137.7
137.3
134.7
133
134.8
131
132.5
136.3
136.8
135.4
135.2
133.5
136
136.9
135.3
136.1
137
138.5
140.4
143.1
145.2
145.2
145.6
145.5
148.6
147.8
147
144.1
143.6
142.1
138.5
138.5
135.8
134.4
137.5
137.6
141
141.2
138.9
139
139.9
139.1
139.1
135.4
134.8
139
145
147.8
149.3
148.9
147.5
148.3
146.8
148.2
147.9
148.4
149
148.3
146.6
145.2
143.9
141.1
142.6
144.8
144.9
145.7
147
144.9
143.2
141.7
141.4
142.1
142.1
142.9
142.6
145.4
147.6
148.9
148.3
148.4
148.3
149.7
150
148.4
147.5
146.5
147.8
146.6
146.5
147.3
146
144.6
144.9
145.6
144.9
145.1
144.8
144.9
144.3
144.7
146.6
147.4
145.6
147.6
147.2
149.6
150.1
149.4
149.7
151.1
150.9
152
151.4
149.5
149.9
149.8
147
142.2
139
139.8
140.7
141.5
142.7
143.7
144.8
145.1
143.7
142.5
142.7
141.4
140.5
142.2
142.4
141.8
139.9
138.5
139.1
137.6
139
138.6
138.1
139.4
140.5
140.1
143.5
143.7
143.5
143.7
145.9
146.6
147.5
147.2
148
150.2
150.9
153.4
153.3
150.7
151.4
152
152.3
152.9
153.2
150.7
152.2
152.4
153.7
155.4
157.7
158.5
157.6
158.8
158.8
156.2
155.4
155.7
156.5
156.2
156.9
156.9
155.2
152.8
153.1
151.4
153.3
152.9
152.9
152.1
152.2
151.2
155.4
154.4
155.3
155.5
155.1
154.9
154
153.5
153.9
155
155.8
155.9
154.1
155.1
156
154.8
153.6
153
151
149.2
146.9
144.7
146
147.5
148.8
150.2
149.4
149.5
151.6
151.9
152
151.9
152.3
153.1
155.3
156.3
155.8
155
155.3
154.5
153
153.5
153.3
152.6
151.3
152.2
151.4
153.2
154.5
157.1
161.8
165.3
166.5
166.8
161.1
163.7
164
164.4
165.8
166.6
166.7
166.5
167
166.8
166.9
166.4
167.2
166.5
164.9
164.8
164.5
163.9
165.2
166
166.8
166.7
165.6
163.8
161.3
162.1
163.5
161.7
164
164.7
163
162.4
160
161.7
162.9
161.8
162.5
163.2
163.5
164.3
163.7
164
164.2
166
168
169.2
168.3
167.3
170.4
170.2
167.2
166.7
162.8
163.5
163
158.9
159.2
158.5
156.3
153.8
152.8
155.7
151.2
151.4
147.6
144.5
139.1
138.6
145.6
140.1
144.2
144
140.6
139.4
135
129.4
127.8
127.9
131.4
131.5
127.5
129.3
133.4
137.2
136.6
136.5
129.7
126.6
124
124.4
122.8
119.8
121.2
123.5
126.8
127
124.6
122.6
122.8
119.9
117.7
117.4
121.2
121.4
123.1
122.6
117.8
115.4
116.1
120.3
121.8
125.4
125.9
129
129.8
129.2
130.4
127.4
128.2
122.9
125.3
129.2
129.8
130
129.8
130
127.6
121.6
121.8
124.1
126.8
124.7
124.9
125
122.7
124.7
125.1
125.5
126.2
124.5
122.6
120.7
118.4
117.8
118.6
118.8
122.7
123.9
127.9
128.5
128.4
128.3
128.3
128.6
128.6
127.4
127.4
126.9
126.9
125.8
125.9
125
125.7
127.2
126.9
128.2
128.7
129.2
129
130.2
134.8
135.9
135.6
135.4
135.1
136.8
137.4
140.2
140.4
141.1
142.7
143.1
144.9
145
144.7
142.9
141.7
145.1
145.4
143
143.7
146.1
146.6
147.4
146.1
146.2
145.4
144.9
144.9
144.9
145
145.4
140.6
142
141.7
140.7
139.7
139.1
138.9
137.9
138.2
138.3
137.3
137.8
137.4
136.1
135.5
137.1
137.7
138.5
140
141.3
142.6
142.9
142.1
141.1
140.2
138.2
137.8
138.3
138.5
137.1
135.5
135.8
136.8
136.9
135.9
134.5
133.9
133.6
135.4
134.8
134.6
137.8
137.9
138.1
138.4
138
136.3
133
131.6
128.8
124.4
124.4
123.3
122
122.3
121.5
120.1
120.2
118.7
117.5
118
119
116.7
118.2
119.2
118.3
117.7
118.1
118.9
118.9
118.4
117.3
114.8
113.2
112.7
117.7
117
118.2
116.2
116.2
114
113.1
113.2
115
115.5
116.4
112.2
110
110.2
110.6
113.1
114.6
115.3
115.6
116.7
114.7
113.4
113.7
112.2
112.1
113.2
114.6
115.7
114.6
113.4
114.4
111.8
111.1
112
117.6
120.1
120.1
119.4
119.8
121
121.5
122.7
121.7
121.6
121.4
120.3
119.9
120.2
119.8
119.8
121
121.4
119.9
119
119.2
117.2
116.6
115.5
116.5
116
116.9
117.7
117.9
116.3
121.4
124
125.4
125.3
126.5
128
132.8
132.4
130.5
130
128.6
129.2
128.3
128.7
126.6
126
126
126.1
127.9
128.5
128.5
129
128.4
128.1
126.7
127.8
128.1
127.6
128.1
129.7
130
130.4
129.7
128.9
126.6
126.8
124.4
122
122.4
122
122.2
124.4
123
124.7
126.3
124.5
123.9
124
123.7
123.5
122.3
121.1
122.4
123
123.6
125
125.4
125.6
127.2
127.4
130.2
130.9
131.5
130.7
131.4
132.3
133
133.2
133.5
134.4
135.8
136.6
136.6
137
137
135.8
135.7
136
135.6
138.3
137.5
137.4
137.5
137.7
139.3
139.8
139.6
139.3
137.2
137.9
139
138.4
138.1
136.9
137
137.3
137.4
137.8
137.2
138
138.1
138
137.6
135
136.1
135.8
135.5
135.6
134.6
135.7
143.1
144.3
144.7
145.5
147
147.2
148.4
148.8
146.5
146.9
148.6
148.1
145.3
147.1
147.4
147.5
146.7
146
146.1
146.9
147.7
148.8
147.7
147.1
148.1
148.4
147.4
149.4
148.4
148.8
148.1
148.2
149
147.7
145.6
142.6
141.9
144.5
145.6
144.6
145.4
143.3
143.7
141.8
141.5
141.5
144.8
149
151.5
150.8
147.4
146.2
148.5
148.7
149.2
149.1
148.7
148.9
149.5
148.3
149
149.8
150.2
150.1
147.9
148.8
148.7
149.2
148.9
147.5
147.2
146
146.1
145.6
145.1
145.9
145.1
144.2
142
143
146.3
146.8
146
144.1
141.7
142.4
144.1
146.4
146.7
147
145.5
144.3
146.7
146.8
148.9
148.8
148.6
149.9
150.7
151.1
151.4
150.6
150.4
150
150
148.8
149.4
146.3
145.1
144.2
145
145.4
146.8
146.9
147
147.3
145.6
145.8
147.2
147.8
147.5
146.8
147.5
147.4
146
146.6
147.2
147.6
147.5
147.8
144.4
143.1
142.9
143.4
143.4
145.7
146.8
147.9
148.3
149.2
150.6
151.1
150.4
151.8
150.8
151.5
152.5
152.9
152.3
153.3
153.4
153.3
153.4
152
152.2
150.9
150.5
150.4
150.9
150.5
148.1
151.2
151.6
151
152.1
151.8
150.8
152
154.2
156.3
157
165
164.3
164.7
164.7
165.3
165.8
166
164.6
164.8
165.5
166.3
165.7
166.8
167
166.6
167.9
168
168.9
168.6
167.6
166.5
167.4
168
167.5
168.6
169.2
168.7
167.6
166.4
163.3
163.7
165.2
166
167.4
164.8
163.9
163.5
164.1
164.3
165.1
168.2
169.5
171
172.4
172.2
171.2
170.3
168.4
169.5
170.9
170.4
175.9
176.3
175.3
167.7
168.8
167
162.9
164.4
164.4
164.6
163.2
