open
126
126
123.25
120.5
118.25
119.75
119.5
120.25
122
124.25
123.75
122.25
124.25
124.75
122.25
123
123.25
124.5
124.25
122.25
121.75
123.75
122.75
124.5
126.75
127.5
128.75
131.75
128.25
130.5
128.75
129.5
131.5
130.25
126.5
127.25
126.75
126
126
126
126
117.5
117.5
117
117.75
114.5
113.75
115.75
119.75
119.75
119.75
118.5
113.75
117
116.5
119.5
118.75
120.25
122.75
122.75
120.5
120.75
119.25
120.5
120
121.5
123.5
124.75
124.75
124.25
123
123.5
124.25
125.25
124.25
124.25
124.5
126.5
129
127
129.25
135.25
136
137
136
135.25
136.25
137.25
133
134
135
135
136.25
136
136
139.25
139.5
141.25
144.75
144.25
143
145.25
146
145
148
151
151.5
152
146.5
147.25
151.5
150.5
151
156
157.5
155.5
155
155.5
154.5
154
153.5
151.5
154
156
158
159.5
160
159.5
159.5
161.5
160.5
161.5
166
164
165
162.5
159
163
159.5
161
159
152
154
156
160.5
166
161.5
160
158.5
155.5
155.5
161.5
157.5
150
156.5
155.5
155.5
148
148
153.5
155.5
160.5
159.5
162
163.5
161.5
164.5
166
169
168
170
163.5
163
157
154
156.5
158.5
160.5
158.5
156.5
161.5
165
164.5
166
168.5
167.5
169
168.5
169.5
174
174.5
174.5
174
174.5
175
175
177.5
178.5
178
179
177
180.5
178.5
172.5
177.5
179.5
183.5
186
191.5
191
191
192
191
193.5
199.5
202
196
196
187
183
185
182
175.5
175
168.5
166
169
166.5
173
169.5
172
182
183.5
188.5
186
184
188.5
188
188
191.5
188
186
182.5
179
176.5
178
178
178.5
184.5
186
185.5
183
179
169
164
167
167.5
164.5
161
167.5
158.5
155.5
152.5
149.25
133
152.5
153.5
160
156.5
159
160
156
160
166.5
163
154
156.5
156
151.5
154.5
151.5
157
147.25
145.75
147.5
145.25
149
148.25
151
152
157
160.5
158.5
153
155.5
155.5
158
153.5
155.5
152
158
155
157
148.5
153.5
148
151.5
153.5
157
158.5
159
159
165.5
162
161.5
164.5
163.5
161.5
162
162.5
156.5
158
160.5
163.5
161.5
166.5
164
164.5
180
179.5
180.5
182
181.5
185.5
186.5
188
184
186
188
186
188.5
191.5
195
195
196
197
193
191
195.5
191
191.5
192
195
195.5
194.5
194.5
196
195.5
187.5
186
184.5
177.5
181
183.5
185.5
185.5
183
185
185
181
175.5
169.5
172.5
171
166.5
161.5
164
163
163.5
164.5
162
159.5
157.5
160.5
160
166.5
166.5
168.5
168.5
171.5
172.5
163
159
156.5
163
161
159
156.5
153.5
157.5
155.5
158.5
160
157
153
151.5
153
152.5
151.5
150
147.25
146
148.5
145.75
148.75
152.5
158.5
162
161
152.5
154.5
148.75
142.75
142.5
142.5
139
140.5
141
131.5
138.25
144
139
138
136.75
135.75
132.25
121.25
133.75
131.5
127.25
123
119.5
105.5
110.5
99
109
125.25
120
104.5
111.75
114
120
116.75
100.25
87.5
83.75
86
90
95.5
93.75
100.5
100.75
108
100
91.25
97
93.5
94
84
91.25
87.5
87.5
86.5
79.75
80.75
85
90.25
95.5
101.25
104.5
104.75
95.25
99
98
97.5
100
102.25
109.5
110.5
105
111
109.25
116.5
114.75
110
105.75
106.75
109.25
113.75
116.25
119.75
118
113.25
114.25
112.75
109.5
109
103
103.25
102
101.5
98.75
102.75
100.5
98
100.5
102.25
107
106.75
105.5
103.25
107
108.5
111
113.5
115
111.25
114.5
112.75
114
113
109.25
107.75
104.5
104
99.25
104.25
104
108
107.25
104
104.25
109
108
109.5
106.5
112.75
115
115
115
116
116.75
112.25
108
114.5
116
113.5
114.75
115.75
113.75
111
114
117
120
121.25
120.25
115
118.5
122.5
122.25
124.5
125.5
129
124.5
124
125.25
122.25
119.5
118
115
115.75
116.75
124.25
125
128.25
126
126
124.75
121.5
115.25
118.75
118
120
121.5
120.25
120.5
119.5
122.25
123.25
124.75
125.25
127.5
129.5
128.5
128
127.75
125
126.5
126.75
128.25
127.25
125.75
124
122.25
124.5
119.25
120
121.75
123
119.5
123.75
122.5
122.5
121.25
119.25
119.25
118
119
118.25
118
121.25
123
126
127
127
129
129.5
130.25
131.75
132
130
130
131.5
132.25
131.75
134
132.75
132
130.75
131.25
132.5
131.5
131.75
134
131
129.5
129.25
131
131.5
134.25
136.75
138.25
136.5
137.5
138
137.25
134
133.75
136
136.25
136
137
142.5
146.5
142.75
143.5
143
144.25
141.75
140.5
141.25
142.5
142.75
141.5
140
141.5
141.5
139.5
136.5
136
138
140.25
141.75
143.75
146.25
147.5
147.5
151
153
150.5
151
149.25
145.75
147
146
142
143.7
134.5
137.2
132.5
132.2
134.1
134
135.7
136.9
137
137.3
136.4
134.5
134.8
133.9
132
131.5
128.7
130.5
131.5
132.6
131.2
127.3
129.9
128.7
129.6
130
129.9
129.7
129.4
128.7
127
127.3
129.5
130.4
130.6
131.8
133.5
133
134.9
138
138.5
138.4
138.4
138.2
138.7
141
143.5
146.7
144.5
141.8
141.9
142.9
141.8
139.8
139.2
137.1
134.3
132.3
133
134.6
138.1
134.1
133.3
134.6
136.2
135.8
132.6
131
129.7
131.9
130.6
131.6
130
129.8
131.5
137.2
141.5
144
144.7
143
143.2
144.4
144.8
147.5
148
148.2
149.1
150
150.5
149.9
149.7
148.4
149.4
149.4
151.2
152
154.3
151
154
156.1
155.1
156.5
158
156
157
158
158.9
161
159
158.5
160.9
160.3
161
160.9
160.5
159.5
159.5
160.5
150.3
148.7
151.3
148.6
143.9
142
141.1
140.1
142.2
137.5
136
135.1
138.5
139.9
141
143.5
137.4
137.1
136.1
133.5
128.9
133.3
129.8
131.9
132.1
136.5
133.9
134.7
132.5
135
135.9
132.2
134.1
135.2
136
138.9
140.8
143.2
145.2
143.1
145.3
146.5
147.2
145.5
143.9
141.9
142.1
137
136.2
135.5
134
134.7
135.6
139.1
141.2
138.8
136.1
139
138.3
136.7
134.9
133.8
135.9
141.5
144.4
145.8
148.3
145.8
147
146.5
146.2
147.7
146
147.3
147.4
146
144.8
143.5
139.5
142.5
142.8
144.1
144.4
145.9
144.2
142.3
140.3
140.5
140.5
140.4
142.8
141.1
142.9
145.3
147.8
147.7
148.2
147.1
147.3
149.6
148.3
147.4
146
146.8
145.5
145.9
145.6
145.6
144.2
143.6
145
144.4
143.9
142.5
142.8
143.6
142.1
144.1
146.8
145.4
145.7
145.8
146.8
148.9
149
147.9
149.4
149.7
149.5
151.3
149.1
148
149.3
147
141.9
139
137.8
140.6
140
142
142.7
143.9
143.7
143
142.2
140.7
141.3
138.5
140.4
142.2
141.8
139.4
137.7
138.9
136.7
137.9
137.4
136.4
138.4
139
139.7
139
141.7
143.1
143.1
143.4
144.5
146.3
146.1
147.3
147.7
149.6
150.8
153
150.4
149.2
151.3
151.8
151.9
152.4
150.2
149.7
151.6
151.3
153.3
154.4
157.5
157.4
157.4
158.1
153.9
153.4
155.7
154.2
156.2
155.2
156.1
155.1
152.5
152.4
149.8
151.1
151.3
152.9
151
152
149.9
152.2
153.8
154.2
152
152.7
154.3
153.9
152
150.6
154.4
154.5
155
152.4
154
154.7
154.6
153.1
152.8
150.7
148.9
145.5
143.2
143.4
144.3
147.1
147
149.1
147.2
149.1
151.7
151
151.5
151.2
151.5
153
156
155
153.6
154.5
154.1
152.7
153
152.5
151.6
149.9
151.5
149.9
150
154
154.3
159.6
162.4
164.3
166.5
159.7
161.5
162.3
160.8
163.9
165
165.9
164.3
166.5
164.5
166.5
165.9
166
165.6
164.7
163.2
163.4
163.3
164.8
165.1
165.4
166.2
164.4
161.8
161
158.6
161.8
161.7
161.2
164
162
160
158.5
158.5
162.2
160
160
161.4
162.2
163
163.1
163.4
163.4
163.1
165.4
167.7
167
165.3
166.3
168.8
167
165.6
161.2
162.9
163
158.9
156
158.1
155.5
152.4
151.2
155
150.9
148.1
147.6
133.8
136.9
130
144.6
138.9
140.9
144
140.6
138.7
134.5
129.3
124.7
127.2
127.9
130.9
127
128
130.7
132.7
135.8
135.4
129.7
125.1
123.2
123.9
122.3
115.7
120.5
118.2
124.6
126.5
123.9
120.5
121.8
118.9
117.7
112.7
118.7
120.3
118.7
122.6
117.2
114.8
115
116.7
120.6
121.1
125
125.3
128.6
128.1
129.2
126.2
127.7
122.2
123.8
126.2
128.8
127.6
128.7
129.4
127.6
120.9
120
119
125.8
123.2
122
124.5
119
121.4
125
122.1
123.9
124.3
121.7
120.1
117.7
115.1
116
117.7
119.5
123.7
122
128
127.5
127.5
126.9
127.7
128.4
124.3
127.1
125.2
126.2
124.2
125.6
123
122.7
126.8
125.7
126.9
128
127.5
128.1
129.1
129.7
133.4
135.2
134.8
134.3
135
136.4
137.8
140
138.3
141
141.9
143.5
144.8
143
142.4
141.2
141.9
143.5
142.9
141.1
141.4
145.8
146
145.4
146
144.4
143.4
143.8
144.5
144.2
143.7
139.2
141.9
141.4
140.5
138.6
138.2
138.6
137.9
137.7
137.8
135.3
136.8
137
136.1
132.2
135.4
136.3
137.1
138.5
140.1
141.7
142.5
141.1
140.7
140
137.7
136.3
138
138
136.5
134.7
133.4
135.2
136.8
135.8
133.6
132.6
132.2
133.4
134.8
131.8
133.4
137.6
137.2
136.1
138
134.2
130.4
131.5
128.1
124.4
124.4
123.2
121.8
119.9
121.5
119.8
119.4
118.7
117
116.2
117.4
115.1
115.3
118
117.6
117.7
117.1
117.2
117.4
118.1
117.1
114.4
111.6
112.5
114
116.7
117.8
115.2
115.7
113.1
112.1
113
112.1
115.2
114.9
112.2
109.6
109.6
110.6
111.8
113.5
114.3
115.5
114.8
114
113.4
112.3
111.7
111.8
112.1
113.5
114.6
114.2
112.9
112
111.3
110.2
111.4
114
117.1
120
118.9
118.8
118.5
117.6
121.6
120.7
121.1
121.2
119.5
118.7
120
119.6
119.3
120.5
120.1
119.7
119
118.7
117
116.5
115.5
114.8
116
114.5
115.3
117.5
115.4
117.5
121.7
123.6
123.2
125.3
126.3
129.7
131
130.1
129.1
128.1
128.8
128.1
127.6
126.1
125.4
125.3
123.9
125.4
126.7
128.4
128.3
128.1
127.9
126.5
125
126.4
126.7
127.3
127.5
128.9
129.8
127.8
128.8
125.8
126.8
124.1
121.8
121.2
121.9
119.4
122.3
122.7
122.5
125
123.1
123.1
123.7
123.1
123.2
121.9
120.8
120.2
121.9
122.1
123.7
124.5
125
124.8
126.1
127.8
130
130.3
129.9
131
131
132.1
132.6
133
133.5
134.6
135.5
136.4
136.3
136.7
135.6
135.1
135.2
134.9
135.7
137.4
136.4
137.5
135.9
137.5
139.6
139.1
139.3
136.6
136
136.9
138.4
137.7
136.8
135.8
136.7
136.6
137.5
137
137
137.4
136.1
137.6
133.4
134.3
135
134.5
135.4
134.4
134.1
138.2
142.8
143
143.9
145.3
145.6
146.3
148.1
144.1
145.8
147.2
147.1
144.4
145.3
146.7
147.1
146
146
145.4
145.9
147
148
146.4
146.5
147
148
146.2
147.7
147.1
148.7
147
147.1
147.9
146.8
145.5
142.2
141.5
141.2
144.6
144.2
144.3
142.2
143.5
140.5
140.3
141
138.3
146.6
148.4
150.3
145.6
146
146.6
147.8
148.1
149
148.6
147.3
147.9
147.8
147.3
148.6
149
149.8
146.4
147.5
148.2
148
148.4
146.6
147
144.7
145.1
145.1
143.1
144
144.6
143.2
141.3
142.7
142
144.9
146
143.1
141.1
141.5
142.3
144
146.1
146.2
145.4
143.9
144.8
146.1
146.3
148.3
147.5
148.8
150
150.1
150.9
150.1
149.2
149.9
149.6
148.7
147.4
146.3
145
143.2
142.8
144.6
145
146.6
146.8
145.9
145.1
144.9
146
146.8
147.3
146.6
146.6
147.1
145.5
145.1
145.7
146.5
146.6
147.2
141
143.1
142.8
142.4
142.5
143.3
144.9
146.4
147.8
148
149
150.4
150.3
150.6
150.8
150.4
152
152.7
151.7
151.3
152.4
152.9
153
151.7
151
150.5
150.2
149.1
150.7
149.7
148
148.1
151.5
150.2
151
151.1
150.8
149.8
151.7
153.6
155.6
160.2
163
163
163.2
163.5
163.8
165.6
164
164.3
163.6
165
164.6
165.8
165.7
165.5
167
167.9
167.8
168
167.1
165.8
166.3
167.2
166.3
167
168.1
167.5
167.5
166.4
162.5
161.2
162.2
165.6
165.4
163
163.3
162.2
161.1
163.3
163.2
166
169
169
171.3
172
170.4
168.3
168.4
168.6
169.3
170.1
171.9
175.9
175.3
166
165.8
166.6
162.8
162.1
164.3
163.1
162.9
