2007-01-02	126	126.25	123.5
2007-01-03	123.25	125.75	123
2007-01-04	120.5	122.5	118.25
2007-01-05	118.25	120.75	118
2007-01-08	119.75	121	117.25
2007-01-09	119.5	121.25	119.5
2007-01-10	120.25	121.25	119.75
2007-01-11	122	122	119.75
2007-01-12	124.25	125	122.25
2007-01-15	123.75	125.5	123.75
2007-01-16	122.25	124	121.75
2007-01-17	124.25	124.25	121.75
2007-01-18	124.75	125	123.5
2007-01-19	122.25	124.75	121.75
2007-01-22	123	124.25	122.5
2007-01-23	123.25	124	121
2007-01-24	124.5	124.75	122.5
2007-01-25	124.25	126	123.75
2007-01-26	122.25	124.75	121.5
2007-01-29	121.75	122.25	121
2007-01-30	123.75	123.75	121.25
2007-01-31	122.75	124.25	122
2007-02-01	124.5	125.5	123.5
2007-02-02	126.75	127	125
2007-02-05	127.5	128	126
2007-02-06	128.75	129	127.75
2007-02-07	131.75	131.75	129.5
2007-02-08	128.25	131.5	128
2007-02-09	130.5	130.5	128.75
2007-02-12	128.75	130.25	128.75
2007-02-13	129.5	130	128.75
2007-02-14	131.5	131.5	130
2007-02-15	130.25	130.5	126.75
2007-02-16	126.5	129	126.25
2007-02-19	127.25	128.5	126.75
2007-02-20	126.75	128.25	125.75
2007-02-21	126	127.25	125.5
2007-02-22	126	127	125.5
2007-02-23	126	126.75	124.5
2007-02-26	126	127.75	125.5
2007-02-27	117.5	124	114.75
2007-02-28	117.5	119.5	112
2007-03-01	117	120	113.75
2007-03-02	117.75	118.25	115
2007-03-05	114.5	116.5	113.5
2007-03-06	113.75	116.25	113.5
2007-03-07	115.75	117	113.5
2007-03-08	119.75	120	116.5
2007-03-09	119.75	121	118.5
2007-03-12	119.75	121	118.5
2007-03-13	118.5	120	118
2007-03-14	113.75	116	113.75
2007-03-15	117	117.25	115.5
2007-03-16	116.5	117.75	115.5
2007-03-19	119.5	120	117.25
2007-03-20	118.75	120	117.25
2007-03-21	120.25	121.5	118.5
2007-03-22	122.75	123.75	122.5
2007-03-23	122.75	123.25	121.5
2007-03-26	120.5	123	120
2007-03-27	120.75	122	119.75
2007-03-28	119.25	120	118
2007-03-29	120.5	120.5	119
2007-03-30	120	121.5	118.75
2007-04-02	121.5	122	119
2007-04-03	123.5	124.25	121.75
2007-04-04	124.75	125	123.25
2007-04-05	124.75	125	124
2007-04-10	124.25	124.75	122.5
2007-04-11	123	124.75	122.5
2007-04-12	123.5	123.5	121.25
2007-04-13	124.25	125	123.5
2007-04-16	125.25	125.75	124
2007-04-17	124.25	125.5	124
2007-04-18	124.25	124.5	123.25
2007-04-19	124.5	125	122.75
2007-04-20	126.5	127.75	125
2007-04-23	129	129.25	126.75
2007-04-24	127	129.5	126.75
2007-04-25	129.25	129.75	127.75
2007-04-26	135.25	138.75	134.25
2007-04-27	136	137.25	135
2007-04-30	137	137.75	136.25
2007-05-02	136	136.75	135
2007-05-03	135.25	137	134.25
2007-05-04	136.25	136.75	135
2007-05-07	137.25	137.25	136
2007-05-08	133	136	132.75
2007-05-09	134	134.5	133
2007-05-10	135	136.25	134
2007-05-11	135	135.25	132.75
2007-05-14	136.25	137	135.5
2007-05-15	136	136.25	134.75
2007-05-16	136	136.75	135.5
2007-05-18	139.25	139.75	137.25
2007-05-21	139.5	140	139
2007-05-22	141.25	141.75	139.25
2007-05-23	144.75	144.75	142
2007-05-24	144.25	145.75	142.75
2007-05-25	143	144.25	142.75
2007-05-28	145.25	145.5	144
2007-05-29	146	146	144.5
2007-05-30	145	145.25	143
2007-05-31	148	148.5	146.75
2007-06-01	151	151.5	148.5
2007-06-04	151.5	152.5	150
2007-06-05	152	154	151.5
2007-06-07	146.5	149.75	145.75
2007-06-08	147.25	147.75	142.75
2007-06-11	151.5	151.5	149
2007-06-12	150.5	153.5	149.5
2007-06-13	151	151.5	147.75
2007-06-14	156	156.5	152.5
2007-06-15	157.5	158	155
2007-06-18	155.5	159	155
2007-06-19	155	157	153.5
2007-06-20	155.5	158.5	155
2007-06-21	154.5	156.5	152
2007-06-25	154	155	152.5
2007-06-26	153.5	154.5	151
2007-06-27	151.5	152	149.75
2007-06-28	154	154.5	152.5
2007-06-29	156	156	153
2007-07-02	158	158.5	153.5
2007-07-03	159.5	160	158.5
2007-07-04	160	161	159
2007-07-05	159.5	161	157.5
2007-07-06	159.5	160.5	158
2007-07-09	161.5	162	160
2007-07-10	160.5	163	159.5
2007-07-11	161.5	162	157
2007-07-12	166	166	161.5
2007-07-13	164	168	163.5
2007-07-16	165	166	164
2007-07-17	162.5	165	162
2007-07-18	159	162.5	158.5
2007-07-19	163	164	160
2007-07-20	159.5	164	159
2007-07-23	161	161.5	159
2007-07-24	159	160.5	157.5
2007-07-25	152	157.5	152
2007-07-26	154	161	152.5
2007-07-27	156	158	150.5
2007-07-30	160.5	160.5	154.5
2007-07-31	166	166	161.5
2007-08-01	161.5	162.5	159.5
2007-08-02	160	165	159
2007-08-03	158.5	161.5	158
2007-08-06	155.5	158	154.5
2007-08-07	155.5	158.5	155
2007-08-08	161.5	162	158
2007-08-09	157.5	161.5	155
2007-08-10	150	155.5	147.5
2007-08-13	156.5	157.5	153
2007-08-14	155.5	159.5	154
2007-08-15	155.5	156	152.5
2007-08-16	148	151.5	146.5
2007-08-17	148	153.5	143.5
2007-08-20	153.5	154	152
2007-08-21	155.5	156	152.5
2007-08-22	160.5	160.5	155.5
2007-08-23	159.5	163.5	158.5
2007-08-24	162	163	158
2007-08-27	163.5	165	162
2007-08-28	161.5	165.5	161
2007-08-29	164.5	164.5	157.5
2007-08-30	166	168	162
2007-08-31	169	169	166
2007-09-03	168	170.5	167
2007-09-04	170	170	166.5
2007-09-05	163.5	169.5	163
2007-09-06	163	166	160.5
2007-09-07	157	165	156.5
2007-09-10	154	159	153
2007-09-11	156.5	156.5	154.5
2007-09-12	158.5	159	155.5
2007-09-13	160.5	160.5	155.5
2007-09-14	158.5	160.5	156.5
2007-09-17	156.5	158.5	155.5
2007-09-18	161.5	162	156
2007-09-19	165	166	163
2007-09-20	164.5	165.5	162.5
2007-09-21	166	166	164
2007-09-24	168.5	169	166
2007-09-25	167.5	168	166
2007-09-26	169	169.5	168
2007-09-27	168.5	171	168
2007-09-28	169.5	169.5	167.5
2007-10-01	174	174	168
2007-10-02	174.5	177	173.5
2007-10-03	174.5	175.5	174
2007-10-04	174	174.5	172.5
2007-10-05	174.5	175	173
2007-10-08	175	176	174
2007-10-09	175	176.5	174.5
2007-10-10	177.5	177.5	175.5
2007-10-11	178.5	179.5	176.5
2007-10-12	178	178	174.5
2007-10-15	179	180.5	177
2007-10-16	177	178.5	176.5
2007-10-17	180.5	181	177
2007-10-18	179.5	181.5	178.5
2007-10-19	176	180	175
2007-10-22	174.5	176	170
2007-10-23	178.5	180	177.5
2007-10-24	177	180.5	176
2007-10-25	185.5	186.5	182
2007-10-26	190	191.5	186
2007-10-29	192	192.5	190.5
2007-10-30	191	192	190
2007-10-31	191	192.5	188
2007-11-01	193	194	190
2007-11-02	192.5	192.5	190.5
2007-11-05	199	200	193
2007-11-06	202	203.5	199
2007-11-07	200.5	203.5	198.5
2007-11-08	195	198	194.5
2007-11-09	189	197	188
2007-11-12	185	190	185
2007-11-13	180	183	171.5
2007-11-14	182	185.5	180
2007-11-15	177.5	183	175
2007-11-16	175	178	173
2007-11-19	164	178.5	163.5
2007-11-20	172	174	161
2007-11-21	167.5	170.5	166
2007-11-22	166	171.5	166
2007-11-23	169.5	170.5	166.5
2007-11-26	172	177	172
2007-11-27	170	171.5	165.5
2007-11-28	179	179	168
2007-11-29	182.5	183	177
2007-11-30	186.5	187	182.5
2007-12-03	185	189	183.5
2007-12-04	183	186	180.5
2007-12-05	187.5	189	182.5
2007-12-06	187.5	190	185
2007-12-07	188.5	189.5	187.5
2007-12-10	190.5	191	187.5
2007-12-11	191	191.5	187.5
2007-12-12	188.5	190	183.5
2007-12-13	181	187	180.5
2007-12-14	182	183	177
2007-12-17	176	179.5	176
2007-12-18	178.5	180.5	176
2007-12-19	178	180	177
2007-12-20	176	180.5	176
2007-12-21	182	182.5	178
2007-12-27	185.5	187	182.5
2007-12-28	185	188.5	185
2008-01-02	182.5	187.5	182.5
2008-01-03	178.5	183.5	176.5
2008-01-04	170	180	169.5
2008-01-07	162	171	159
2008-01-08	168.5	171.5	162.5
2008-01-09	166	169	163.5
2008-01-10	161	168.5	159.5
2008-01-11	163	166.5	161.5
2008-01-14	167	168	161
2008-01-15	160.5	167.5	158.5
2008-01-16	153	159.5	152
2008-01-17	152.5	159	152
2008-01-18	152.5	157.5	149.25
2008-01-21	142	149.25	139.5
2008-01-22	148.25	149.75	132.5
2008-01-23	147	154.5	143.25
2008-01-24	155.5	156.5	151.5
2008-01-25	160	163	158.5
2008-01-28	156.5	158	154
2008-01-29	161	162	158.5
2008-01-30	155	160.5	155
2008-01-31	157	157	151.5
2008-02-01	163.5	165	159.5
2008-02-04	162.5	168	162.5
2008-02-05	156	163	155.5
2008-02-06	158.5	158.5	154
2008-02-07	153.5	157	151
2008-02-08	153	157.5	151
2008-02-11	153	156	150
2008-02-12	161	161.5	152
2008-02-13	151	152.5	143
2008-02-14	148	157	147.75
2008-02-15	144	149.25	143.75
2008-02-18	149.25	149.75	145.25
2008-02-19	147.25	151.5	145.75
2008-02-20	147	148	144
2008-02-21	150.5	153	148.25
2008-02-22	147.75	152	147
2008-02-25	151	152.5	149.5
2008-02-26	155.5	157	152
2008-02-27	160.5	160.5	155
2008-02-28	159.5	162	159
2008-02-29	157.5	160.5	155
2008-03-03	154	155.5	153
2008-03-04	153	157.5	152
2008-03-05	157.5	158.5	154
2008-03-06	157	159	155.5
2008-03-07	157.5	158.5	153.5
2008-03-10	153	156	152.5
2008-03-11	156	156	151
2008-03-12	158	159.5	156.5
2008-03-13	156.5	157	153.5
2008-03-14	154.5	159.5	153.5
2008-03-18	151	152	148
2008-03-19	151	154.5	149
2008-03-20	148	149.75	146
2008-03-25	152	152.5	149.5
2008-03-26	157.5	157.5	152.5
2008-03-27	159.5	160	156.5
2008-03-28	160.5	160.5	156
2008-03-31	159.5	160	156
2008-04-01	163	164	159
2008-04-02	162	165.5	160.5
2008-04-03	161	163.5	159.5
2008-04-04	164	164	161
2008-04-07	165.5	167	164
2008-04-08	163	164.5	161
2008-04-09	163.5	164.5	161.5
2008-04-10	162	162.5	158.5
2008-04-11	159.5	164	157
2008-04-14	157.5	158	155.5
2008-04-15	159.5	160.5	156
2008-04-16	163	163	159.5
2008-04-17	160.5	164.5	159.5
2008-04-18	166.5	167	161
2008-04-21	164	167.5	163
2008-04-22	164	167	163.5
2008-04-23	169.5	169.5	164.5
2008-04-24	177.5	185	175.5
2008-04-25	178.5	181.5	178.5
2008-04-28	183	183.5	180.5
2008-04-29	182	182	179.5
2008-04-30	181.5	183	181
2008-05-02	187	187.5	185.5
2008-05-05	188	188	185.5
2008-05-06	183.5	188.5	183.5
2008-05-07	187	187.5	183.5
2008-05-08	189	190	185
2008-05-09	186.5	188.5	184.5
2008-05-12	187	187.5	186
2008-05-13	191	191	188.5
2008-05-14	195.5	195.5	191.5
2008-05-15	193.5	197.5	193
2008-05-16	193.5	197	193
2008-05-19	198.5	199	195
2008-05-20	193	199	192.5
2008-05-21	192.5	194	189.5
2008-05-22	196.5	196.5	190.5
2008-05-23	192.5	196	192
2008-05-26	190.5	193.5	190.5
2008-05-27	191.5	194	189
2008-05-28	194	195	191
2008-05-29	196	196	193.5
2008-05-30	194.5	196	194
2008-06-02	194	194.5	191.5
2008-06-03	197	197.5	194.5
2008-06-04	196.5	196.5	192
2008-06-05	192	196	191
2008-06-09	188	189.5	187
2008-06-10	184.5	186.5	180.5
2008-06-11	177	184.5	175
2008-06-12	182.5	183	176.5
2008-06-13	182	183	178.5
2008-06-16	183	186.5	180.5
2008-06-17	187	187.5	185
2008-06-18	183	186	182.5
2008-06-19	186	186	181.5
2008-06-23	185.5	187	184.5
2008-06-24	181	186	177.5
2008-06-25	175	182	170.5
2008-06-26	170	176.5	169
2008-06-27	171.5	172.5	165
2008-06-30	171.5	173	166
2008-07-01	165.5	171	163.5
2008-07-02	165	173	164
2008-07-03	163.5	164.5	159
2008-07-04	161.5	164.5	161
2008-07-07	167	167	162.5
2008-07-08	162	163.5	160.5
2008-07-09	165	165.5	163
2008-07-10	159.5	162	159
2008-07-11	157	160	154.5
2008-07-14	162.5	163.5	157.5
2008-07-15	159.5	162	157
2008-07-16	164	164.5	159.5
2008-07-17	167	169.5	165.5
2008-07-18	170	171	165
2008-07-21	168.5	171.5	166.5
2008-07-22	170	170.5	166
2008-07-23	175.5	176	171
2008-07-24	163	173	163
2008-07-25	160.5	164	160
2008-07-28	158.5	162	157.5
2008-07-29	159.5	160.5	155.5
2008-07-30	160.5	163.5	159.5
2008-07-31	161	162.5	159.5
2008-08-01	156.5	161.5	156
2008-08-04	153	158	153
2008-08-05	154	155	149.5
2008-08-06	157	158	155.5
2008-08-07	159.5	161	155.5
2008-08-08	158.5	160.5	156.5
2008-08-11	157.5	160.5	156.5
2008-08-12	153	157	152.5
2008-08-13	150	154.5	149.25
2008-08-14	152.5	152.5	149.75
2008-08-15	152.5	153.5	151.5
2008-08-18	153	153.5	150.5
2008-08-19	149.25	152	148.75
2008-08-20	148.75	150.5	147.75
2008-08-21	147	148.75	146.5
2008-08-22	149.25	150	144.5
2008-08-25	146	148.5	145.5
2008-08-26	149.25	149.75	144.5
2008-08-27	154	154	147.75
2008-08-28	158	159	152
2008-08-29	159.5	160.5	157.5
2008-09-02	163	165.5	159.5
2008-09-04	155	162	155
2008-09-05	149.25	153	149.25
2008-09-08	151	154.5	150.5
2008-09-09	144.75	150.5	144.5
2008-09-10	143	145.25	140.25
2008-09-11	141.5	143.5	138.75
2008-09-12	143.25	143.75	141.25
2008-09-15	141.75	142.25	137
2008-09-16	140.25	144	139
2008-09-17	135	141	134.25
2008-09-18	131.25	135	129.25
2008-09-19	142.75	143.75	135.75
2008-09-22	141.5	144.25	140.75
2008-09-23	139.75	140.75	137
2008-09-24	135.5	139	135.25
2008-09-25	137	139	135.25
2008-09-26	134.25	135.75	133
2008-09-29	125.75	132.75	125.25
2008-09-30	131.25	131.75	121
2008-10-01	129.5	134.75	128.75
2008-10-02	127.75	132.75	126
2008-10-03	128.5	129.25	122.75
2008-10-06	118	124.75	116
2008-10-07	111.5	120.75	111.5
2008-10-08	107	112.5	99
2008-10-09	107.5	114.75	106
2008-10-10	101.75	105.25	97.25
2008-10-13	117.25	118.75	107.5
2008-10-14	119	127.25	117.75
2008-10-15	109.25	120	108.25
2008-10-16	105.25	112.5	102.25
2008-10-17	109	111.75	104.25
2008-10-20	116	117.75	112.25
2008-10-21	120.5	122.75	118.5
2008-10-22	113.75	117.25	109.5
2008-10-23	91.25	103	88.5
2008-10-24	87	89.25	78.75
2008-10-27	83.5	86.75	81.25
2008-10-28	83.75	87.5	80.5
2008-10-29	93.25	94.25	86.25
2008-10-30	94.5	99	93.25
2008-10-31	95.25	98	92.75
2008-11-03	101.25	102.25	99.25
2008-11-04	107	108.5	98
2008-11-05	105.25	108	102
2008-11-06	91.75	101.75	91.75
2008-11-07	90.5	94.25	89.5
2008-11-10	97.75	103.25	96.5
2008-11-11	91.5	95	90
2008-11-12	85.5	94	84.25
2008-11-13	86	88.75	82.5
2008-11-14	87.25	91.5	86.25
2008-11-17	86.75	90.25	85
2008-11-18	85.25	88.5	82.5
2008-11-19	80.75	86.5	80.25
2008-11-20	81.25	82.5	76.5
2008-11-21	82	84.75	79.75
2008-11-24	91	91.25	83
2008-11-25	96.25	101.5	89.75
2008-11-26	99.25	101	94
2008-11-27	104.75	104.75	100
2008-11-28	104	105	100.5
2008-12-01	98.25	105	96.75
2008-12-02	99.75	101.75	94
2008-12-03	98.75	99.5	94.25
2008-12-04	99.75	104.5	96.5
2008-12-05	95.25	98.5	93.25
2008-12-08	103.25	103.5	99
2008-12-09	110	111.25	102.25
2008-12-10	110.5	111.75	107
2008-12-11	110.5	110.75	107.5
2008-12-12	109	109	104
2008-12-15	109.25	112.5	109
2008-12-16	114.25	114.5	108.5
2008-12-17	114.5	116.5	110.75
2008-12-18	114.75	116.5	113.5
2008-12-19	107	111	106.25
2008-12-22	107.25	108.5	105.25
2008-12-23	109.5	110.5	106.25
2008-12-29	113.5	114	109.25
2008-12-30	116	116	113
2009-01-02	118.5	119	115
2009-01-05	117.75	120	116.5
2009-01-07	115.5	120	114.5
2009-01-08	114.5	115	112.5
2009-01-09	113.5	115.25	112.5
2009-01-12	109.75	113.5	109
2009-01-13	107	110.25	106.25
2009-01-14	102	109	100.5
2009-01-15	101.75	104	97.75
2009-01-16	101.25	103.75	101.25
2009-01-19	100.5	103.25	98.25
2009-01-20	99.75	103.5	99.25
2009-01-21	102.25	103.5	97.5
2009-01-22	101	104.25	100.75
2009-01-23	99.5	102	97
2009-01-26	98.5	99	95.5
2009-01-27	101	101	98.25
2009-01-28	107.25	107.5	102.25
2009-01-29	105.5	107.25	103.5
2009-01-30	107	109.5	106.5
2009-02-02	102.25	107	100
2009-02-03	107.25	107.25	101.5
2009-02-04	111	111.25	105.75
2009-02-05	110.25	111.75	107.5
2009-02-06	114.5	115	110.75
2009-02-09	116.75	117	113
2009-02-10	113.25	116.75	112
2009-02-11	112.25	116	111
2009-02-12	110	115.75	107
2009-02-13	113.5	114.25	111.5
2009-02-16	114.25	114.5	112.75
2009-02-17	109.25	113.25	108
2009-02-18	107.5	110	105.75
2009-02-19	105.25	107.75	103.5
2009-02-20	101	104.5	100.75
2009-02-23	100	104.5	99.25
2009-02-24	101.5	103	97
2009-02-25	102	105.5	100.75
2009-02-26	108	108.5	103.25
2009-02-27	110	110	106.5
2009-03-02	104	108	103.5
2009-03-03	103	104.5	100.25
2009-03-04	108.5	109.25	104.25
2009-03-05	108	112.5	107.75
2009-03-06	109.5	111	107.25
2009-03-09	107	109.5	104.5
2009-03-10	113.75	114.75	106.5
2009-03-11	117	118.25	112.25
2009-03-12	113.5	115.5	111.5
2009-03-13	113.75	115.75	112.25
2009-03-16	115.5	115.5	113.5
2009-03-17	114.75	117.25	113.75
2009-03-18	112	117.25	110.25
2009-03-19	110.5	113	109.25
2009-03-20	113.25	114	107
2009-03-23	114.5	115.25	113
2009-03-24	114.25	116.25	112.75
2009-03-25	114.75	115.5	110.25
2009-03-26	115.5	115.75	113.25
2009-03-27	113.25	115.75	112.75
2009-03-30	110.5	114	109.5
2009-03-31	114.75	115	110.75
2009-04-01	116	116.5	112.5
2009-04-02	120	120	114
2009-04-03	120	123.5	119.25
2009-04-06	117.5	122.5	117.25
2009-04-07	116.5	120.5	115.5
2009-04-08	117	117.75	113.25
2009-04-09	119.75	119.75	117.75
2009-04-14	122.5	125	121.5
2009-04-15	123.75	124.25	121.5
2009-04-16	124.25	126	124
2009-04-17	128	129.5	124.5
2009-04-20	125	130	124.25
2009-04-21	123.75	126.75	120.75
2009-04-22	130.75	130.75	123.5
2009-04-23	122.25	126.5	121
2009-04-24	122	123.25	119
2009-04-27	119	120.25	117.25
2009-04-28	114.25	118	113
2009-04-29	114.25	115.75	113
2009-04-30	115	117	114.5
2009-05-04	123.25	123.25	116.75
2009-05-05	125	126	122
2009-05-06	127	128.5	124.25
2009-05-07	125.5	130	124.25
2009-05-08	125.25	128	124.5
2009-05-11	124.5	126	123.25
2009-05-12	121.25	125.25	121.25
2009-05-13	116	121.75	115.5
2009-05-14	117.5	118.5	113
2009-05-15	119.25	119.25	116.25
2009-05-18	119.5	120.5	115.5
2009-05-19	121.5	122.25	119.75
2009-05-20	123.75	123.75	120.5
2009-05-22	121	121.75	118.5
2009-05-25	120.25	121	119
2009-05-26	121.5	121.75	118.25
2009-05-27	123.75	125	122
2009-05-28	124	124.75	121.5
2009-05-29	123.5	126.25	123
2009-06-01	128	128.5	125
2009-06-02	129.25	129.5	126.5
2009-06-03	127.75	129.75	126.75
2009-06-04	127.25	129.5	126
2009-06-05	128.5	130.5	127.75
2009-06-08	125.5	127.75	123.25
2009-06-09	125.25	126	124.25
2009-06-10	126	128	125.25
2009-06-11	130	130	126.75
2009-06-12	127	129.25	126.5
2009-06-15	125.75	127.25	125
2009-06-16	125.25	127.25	124.5
2009-06-17	122.5	124	120.25
2009-06-18	124	124	121.75
2009-06-22	120.5	125.25	120
2009-06-23	118.5	120.5	118
2009-06-24	122.5	122.5	119
2009-06-25	122	123.5	119.5
2009-06-26	120.25	123.75	118.75
2009-06-29	123.75	124.25	119.25
2009-06-30	121.5	124.25	121
2009-07-01	123.25	123.5	121.25
2009-07-02	121	123.5	120.25
2009-07-03	120	121.75	119.5
2009-07-06	118.5	119.75	117.75
2009-07-07	118.5	120.5	118
2009-07-08	116.5	119.25	116.5
2009-07-09	119.25	120.5	118.5
2009-07-10	118.25	119	117
2009-07-13	121	121.75	117.25
2009-07-14	121.75	122	120.5
2009-07-15	126.25	126.25	122.5
2009-07-16	126.5	127.75	125.25
2009-07-17	126.75	128.25	126.5
2009-07-20	128.5	129.5	127
2009-07-21	129.25	130	128
2009-07-22	128.5	129.5	124.75
2009-07-23	132.5	133.25	130.25
2009-07-24	132.75	134.75	130.5
2009-07-27	129	132	128.5
2009-07-28	128.75	131.5	128.5
2009-07-29	131.25	132.25	129.5
2009-07-30	133.25	133.25	129.75
2009-07-31	131.25	133.5	130
2009-08-03	133.75	134.75	130.75
2009-08-04	132.5	134.5	132
2009-08-05	130.75	134	130.25
2009-08-06	131.5	132.5	131
2009-08-07	131.5	132.25	129
2009-08-10	132.5	133	130.5
2009-08-11	131.25	133.25	131
2009-08-12	131.75	132	130.5
2009-08-13	134.25	134.25	131.5
2009-08-14	131.75	134.25	130.5
2009-08-17	129.25	131.5	129
2009-08-18	129.25	130.5	128.75
2009-08-19	130.25	130.75	128.25
2009-08-20	131.75	132	130.75
2009-08-21	133.5	134	131.25
2009-08-24	137.25	137.75	134
2009-08-25	139	139.25	135.75
2009-08-26	136.5	139.25	136.5
2009-08-27	135.75	137.75	135.25
2009-08-28	139	139	136
2009-08-31	136.75	138	136
2009-09-01	134.25	137.75	133.75
2009-09-02	133.75	134.75	132
2009-09-03	135.75	136.5	133.5
2009-09-04	136	136.75	135
2009-09-07	135.75	137.25	135.25
2009-09-08	137	137.5	135.25
2009-09-09	142.5	142.75	137
2009-09-10	146.25	147	142.5
2009-09-11	144	146.5	142.75
2009-09-14	143.25	144	141.5
2009-09-15	142	143.75	142
2009-09-16	143.5	144.25	142.25
2009-09-17	141	144.25	140
2009-09-18	140.75	141.75	139.5
2009-09-21	141	141	139.75
2009-09-22	142.25	143.25	141
2009-09-23	143	143.5	141.75
2009-09-24	141.75	144	141.75
2009-09-25	139.25	141.5	138.5
2009-09-28	141	141.75	136.75
2009-09-29	141.25	142.25	140
2009-09-30	139.5	141.75	138.25
2009-10-01	137.75	140	137.25
2009-10-02	136	137.5	134.25
2009-10-05	137.5	138.5	135.25
2009-10-06	140	140.25	137.75
2009-10-07	139	140.75	138.25
2009-10-08	143.75	144.5	141.75
2009-10-09	145.5	145.5	143.5
2009-10-12	148.5	149.25	146.25
2009-10-13	146.25	149	146
2009-10-14	151.5	152	147.25
2009-10-15	151	153.5	151
2009-10-16	149.75	153.5	148.5
2009-10-19	149.75	151.5	148.5
2009-10-20	148.75	151	148
2009-10-21	147.25	149.5	145
2009-10-22	146	146.5	144.75
2009-10-23	145.25	147.5	145
2009-10-26	142.1	146	141.7
2009-10-27	143.9	144.5	142
2009-10-28	139.7	143.7	137.5
2009-10-29	136.4	136.8	130
2009-10-30	133.7	137.3	132.6
2009-11-02	133.9	134.7	130.8
2009-11-03	132.7	133.2	129.2
2009-11-04	135.7	135.7	133
2009-11-05	135.1	135.8	132.5
2009-11-06	136.3	137.6	134.5
2009-11-09	136.5	137.7	136.1
2009-11-10	136	137	135.4
2009-11-11	136.9	139.2	136.2
2009-11-12	135	137	135
2009-11-13	133.8	134.8	133.4
2009-11-16	133.7	135.5	132.5
2009-11-17	131.3	134	130.9
2009-11-18	132	133	131.1
2009-11-19	127.9	131.5	127.9
2009-11-20	129.7	130	127.4
2009-11-23	132.4	132.9	130.5
2009-11-24	132.5	133.1	131.1
2009-11-25	132.4	132.9	131.4
2009-11-26	129	131.5	128.8
2009-11-27	129.4	129.7	127
2009-11-30	128	130.5	127.5
2009-12-01	129.6	130.5	128.7
2009-12-02	129.7	130.3	128.7
2009-12-03	129.2	131.4	129.1
2009-12-04	129.8	130.6	127.4
2009-12-07	129	129.8	128.1
2009-12-08	128.8	130.3	127.3
2009-12-09	127.2	129.6	126.3
2009-12-10	126.7	128.1	126.5
2009-12-11	128.4	129.2	127.3
2009-12-14	129.6	130.6	129.4
2009-12-15	130.6	131.4	130.1
2009-12-16	132.1	132.2	130.2
2009-12-17	133	133.4	131
2009-12-18	132.8	134.4	132.7
2009-12-21	134.9	134.9	133
2009-12-22	137.5	137.7	134.9
2009-12-23	137.8	138.7	137.6
2009-12-28	138.3	138.9	137.8
2009-12-29	138.5	139.4	137.7
2009-12-30	138	138.7	136.5
2010-01-04	138.6	138.6	137.6
2010-01-05	139.1	139.6	138.5
2010-01-07	142.8	143.4	140.8
2010-01-08	145.6	145.6	143.5
2010-01-11	144.8	147.2	144.2
2010-01-12	142.3	144.5	141.8
2010-01-13	141.4	142.5	140.5
2010-01-14	142.3	142.9	141.7
2010-01-15	142	143.6	141.1
2010-01-18	141.2	141.9	140.2
2010-01-19	139.8	139.8	136.7
2010-01-20	136.1	139.5	135.7
2010-01-21	134.4	137.4	134.1
2010-01-22	133.4	135.4	132.6
2010-01-25	133.8	135.5	132.3
2010-01-26	134.6	135.7	132.8
2010-01-27	136.5	138.5	134.2
2010-01-28	134	138.5	133.2
2010-01-29	135.4	135.9	132.4
2010-02-01	134.3	134.6	133
2010-02-02	136.7	136.8	133.7
2010-02-03	136.1	136.9	135.2
2010-02-04	134.2	136.9	134
2010-02-05	130.7	133.3	130.6
2010-02-08	130.5	131.8	129.5
2010-02-09	131	132.4	129.3
2010-02-10	129	132	128.6
2010-02-11	130.7	132.2	129.2
2010-02-12	129.3	131.9	128
2010-02-15	129.3	130.7	128.9
2010-02-16	130.7	130.8	128.4
2010-02-17	132.5	132.6	131.1
2010-02-18	141.9	142	136.7
2010-02-19	144	144	140.9
2010-02-22	144.4	145	142.8
2010-02-23	143.3	145.1	142.9
2010-02-24	143.8	144	141.6
2010-02-25	143.1	143.7	142.1
2010-02-26	144	144.5	142.2
2010-03-01	147	147.2	144.7
2010-03-02	147.9	148	146
2010-03-03	149.2	149.5	147.3
2010-03-04	148.9	149.1	147.2
2010-03-05	149.3	150	148.3
2010-03-08	150.2	150.6	148.5
2010-03-09	150.2	150.9	148.1
2010-03-10	150.4	150.7	148.9
2010-03-11	148	150.2	147.6
2010-03-12	148.7	150	148
2010-03-15	148.9	149.9	148.6
2010-03-16	151	151.1	149
2010-03-17	152.9	153.6	151.2
2010-03-18	152.9	153.4	152
2010-03-19	150.8	154.9	150.8
2010-03-22	153.6	154.4	150.4
2010-03-23	156.1	156.2	153.6
2010-03-24	155.9	156.5	154.2
2010-03-25	156.5	157.5	154.2
2010-03-26	156.2	157.1	155.3
2010-03-29	156.3	158	154.9
2010-03-30	156.9	157.6	155.5
2010-03-31	157.9	158	155.9
2010-04-01	159.5	159.5	157.2
2010-04-06	161.1	161.1	158
2010-04-07	159.4	161.2	159
2010-04-08	157.9	159.3	157
2010-04-09	160.5	160.6	158.4
2010-04-12	161.3	161.9	160.3
2010-04-13	160.3	160.9	158.6
2010-04-14	160.6	161.2	159.5
2010-04-15	160.4	161.2	159.7
2010-04-16	160.1	161.8	159.3
2010-04-19	159.4	161.3	157.7
2010-04-20	160.4	161.6	158.7
2010-04-21	159	161.6	158.3
2010-04-22	147.2	151.2	144.2
2010-04-23	150.1	150.4	147
2010-04-26	149	151.8	149
2010-04-27	144.9	148.6	144.9
2010-04-28	141.2	145.2	141
2010-04-29	142	144	141.2
2010-04-30	140.9	143.3	140.1
2010-05-03	141.2	141.8	139
2010-05-04	138.1	142.8	137.4
2010-05-05	137.4	141.4	137.3
2010-05-06	138.4	141.6	136
2010-05-07	136.5	140.9	135.1
2010-05-10	140.4	142.2	137.5
2010-05-11	140.3	141.2	138.8
2010-05-12	141.5	143.1	140.9
2010-05-14	139.1	144.1	138.8
2010-05-17	136	138.7	135.5
2010-05-18	137.6	137.7	136
2010-05-19	132.3	137.3	131.9
2010-05-20	130.7	134.7	129.2
2010-05-21	130.7	133	128
2010-05-24	132.8	134.8	130
2010-05-25	130	131	128.4
2010-05-26	131.8	132.5	130.5
2010-05-27	136	136.3	131.8
2010-05-28	134.3	136.8	134
2010-05-31	135.2	135.4	133.6
2010-06-01	134	135.2	131.9
2010-06-02	133.3	133.5	131.3
2010-06-03	134.5	136	134.3
2010-06-04	133.5	136.9	133.3
2010-06-07	133.2	135.3	132.1
2010-06-08	134.3	136.1	133.7
2010-06-09	136.7	137	134
2010-06-10	137.9	138.5	135.2
2010-06-11	139.4	140.4	138
2010-06-14	142.6	143.1	140.5
2010-06-15	144.1	145.2	142.6
2010-06-16	143.8	145.2	142.6
2010-06-17	144.9	145.6	143.1
2010-06-18	144.8	145.5	144
2010-06-21	148.1	148.6	146.2
2010-06-22	146.8	147.8	146.2
2010-06-23	144.2	147	143.9
2010-06-24	141.7	144.1	141.4
2010-06-28	143	143.6	140.9
2010-06-29	137.2	142.1	136.2
2010-06-30	137.6	138.5	135.8
2010-07-01	134.8	138.5	134
2010-07-02	133.1	135.8	132.3
2010-07-05	133	134.4	132.2
2010-07-06	136.4	137.5	134.2
2010-07-07	137.6	137.6	134.1
2010-07-08	140.1	141	138
2010-07-09	139.7	141.2	138.6
2010-07-12	136.1	138.9	135.8
2010-07-13	138.9	139	135.6
2010-07-14	137.6	139.9	136.6
2010-07-15	137	139.1	135.7
2010-07-16	134.8	139.1	134
2010-07-19	133.2	135.4	132.5
2010-07-20	134.6	134.8	131.8
2010-07-21	137.6	139	135.3
2010-07-22	144.4	145	140.2
2010-07-23	145.4	147.8	143.6
2010-07-26	148.7	149.3	145.7
2010-07-27	144.9	148.9	144.1
2010-07-28	146.6	147.5	145.1
2010-07-29	145.9	148.3	145.5
2010-07-30	145.5	146.8	144.9
2010-08-02	148	148.2	145.8
2010-08-03	146.4	147.9	145.7
2010-08-04	146.9	148.4	145.4
2010-08-05	147.7	149	146.9
2010-08-06	145.8	148.3	145.2
2010-08-09	145.8	146.6	144.9
2010-08-10	143.4	145.2	142.7
2010-08-11	140.4	143.9	140.1
2010-08-12	140.9	141.1	138.6
2010-08-13	141.6	142.6	139
2010-08-16	143.8	144.8	142.5
2010-08-17	144.4	144.9	142.9
2010-08-18	145.7	145.7	144
2010-08-19	144.6	147	144.2
2010-08-20	142.1	144.9	141.8
2010-08-23	141.2	143.2	141.2
2010-08-24	141.6	141.7	138.8
2010-08-25	140	141.4	138.4
2010-08-26	140.9	142.1	139.6
2010-08-27	141.6	142.1	140
2010-08-30	142.6	142.9	140.7
2010-08-31	142.5	142.6	139.6
2010-09-01	145.4	145.4	141.9
2010-09-02	146.9	147.6	144.3
2010-09-03	147	148.9	146.4
2010-09-06	147.8	148.3	147
2010-09-07	148	148.4	146.9
2010-09-08	147.4	148.3	146.2
2010-09-09	149.4	149.7	146.6
2010-09-10	147.6	150	146.7
2010-09-13	146.5	148.4	145.9
2010-09-14	146	147.5	145.7
2010-09-15	145.2	146.5	144.9
2010-09-16	144.7	147.8	144.4
2010-09-17	145.9	146.6	145.1
2010-09-20	145.5	146.5	144.1
2010-09-21	146.4	147.3	144.3
2010-09-22	144.1	146	143.8
2010-09-23	143.7	144.6	142.7
2010-09-24	144.9	144.9	143.1
2010-09-27	144.2	145.6	143.5
2010-09-28	143.9	144.9	143
2010-09-29	143.9	145.1	142.9
2010-09-30	143.2	144.8	141.3
2010-10-01	143.7	144.9	142.1
2010-10-04	142.7	144.3	142.6
2010-10-05	144	144.7	141.5
2010-10-06	146	146.6	144
2010-10-07	145.4	147.4	145.3
2010-10-08	145.5	145.6	144.3
2010-10-11	146.5	147.6	145.4
2010-10-12	146.7	147.2	144.5
2010-10-13	149.4	149.6	146.7
2010-10-14	148.3	150.1	148.1
2010-10-15	147.6	149.4	147.6
2010-10-18	149	149.7	146.9
2010-10-19	149.5	151.1	148.9
2010-10-20	150.3	150.9	149.3
2010-10-21	151.9	152	148.8
2010-10-22	148.8	151.4	148.7
2010-10-25	148.7	149.5	148.3
2010-10-26	148.9	149.9	147.6
2010-10-27	147.7	149.8	147.7
2010-10-28	141.4	147	140.9
2010-10-29	138.9	142.2	138.6
2010-11-01	137.8	139	137.1
2010-11-02	139.6	139.8	137.4
2010-11-03	139.2	140.7	138.7
2010-11-04	141	141.5	139.5
2010-11-05	142.2	142.7	141.1
2010-11-08	143.6	143.7	141.4
2010-11-09	143.9	144.8	143.6
2010-11-10	142.8	145.1	142.4
2010-11-11	143.2	143.7	142.3
2010-11-12	140.9	142.5	140.6
2010-11-15	142.1	142.7	140.1
2010-11-16	138.6	141.4	138.3
2010-11-17	139.7	140.5	138
2010-11-18	141.3	142.2	139.8
2010-11-19	140.8	142.4	139.8
2010-11-22	139.9	141.8	139.5
2010-11-23	137.2	139.9	137
2010-11-24	138.3	138.5	137
2010-11-25	136.7	139.1	136.4
2010-11-26	137.2	137.6	135.9
2010-11-29	136.9	139	136.8
2010-11-30	138.4	138.6	136.9
2010-12-01	138	138.1	136.2
2010-12-02	139.2	139.4	137.9
2010-12-03	140.2	140.5	138.5
2010-12-06	138.9	140.1	138.8
2010-12-07	142.2	143.5	138.9
2010-12-08	142.4	143.7	141.6
2010-12-09	142.8	143.5	142.1
2010-12-10	143.3	143.7	142.6
2010-12-13	144.8	145.9	143.1
2010-12-14	146.5	146.6	144
2010-12-15	147	147.5	145.4
2010-12-16	147.1	147.2	146
2010-12-17	147.7	148	146.6
2010-12-20	149.3	150.2	147.3
2010-12-21	150.3	150.9	149.4
2010-12-22	153.4	153.4	149.5
2010-12-23	150.4	153.3	150.3
2010-12-27	149	150.7	148.4
2010-12-28	151.4	151.4	149.2
2010-12-29	152	152	150.7
2010-12-30	151.6	152.3	150.5
2011-01-03	152.2	152.9	151.4
2011-01-04	150.9	153.2	150.6
2011-01-05	149	150.7	148.1
2011-01-07	151.6	152.2	149.1
2011-01-10	149.8	152.4	149.8
2011-01-11	153.2	153.7	150.4
2011-01-12	154.4	155.4	152.9
2011-01-13	157.6	157.7	154.1
2011-01-14	157.2	158.5	156.4
2011-01-17	157.4	157.6	154.9
2011-01-18	157.9	158.8	157.2
2011-01-19	154	158.8	153.9
2011-01-20	151.6	156.2	151.6
2011-01-21	154.5	155.4	152.5
2011-01-24	153.6	155.7	152
2011-01-25	154.7	156.5	153.7
2011-01-26	155.2	156.2	153.8
2011-01-27	155.5	156.9	155
2011-01-28	156	156.9	155.2
2011-01-31	152.9	155.2	152.3
2011-02-01	150.9	152.8	149.7
2011-02-02	150.1	153.1	148.7
2011-02-03	150.6	151.4	149
2011-02-04	151	153.3	150.4
2011-02-07	152.6	152.9	151.2
2011-02-08	150.4	152.9	149.9
2011-02-09	151.2	152.1	150.8
2011-02-10	149.9	152.2	149.3
2011-02-11	151	151.2	149.4
2011-02-14	154	155.4	151.7
2011-02-15	153.9	154.4	151.6
2011-02-16	154.6	155.3	152.3
2011-02-17	151.5	155.5	151.2
2011-02-18	153.5	155.1	152.4
2011-02-21	153.5	154.9	152.8
2011-02-22	152.9	154	151.8
2011-02-23	151.3	153.5	150.4
2011-02-24	153.5	153.9	150
2011-02-25	154.6	155	153.7
2011-02-28	154.8	155.8	154.2
2011-03-01	153.1	155.9	152.9
2011-03-02	153.3	154.1	151.7
2011-03-03	154.2	155.1	153.2
2011-03-04	154.8	156	154.1
2011-03-07	152.6	154.8	152.5
2011-03-08	152.1	153.6	151
2011-03-09	151.7	153	150.9
2011-03-10	150.1	151	149.2
2011-03-11	148	149.2	147
2011-03-14	145.8	146.9	144.8
2011-03-15	142.8	144.7	139.5
2011-03-16	143.7	146	143
2011-03-17	147.2	147.5	144
2011-03-18	146.7	148.8	145.8
2011-03-21	149.2	150.2	146.7
2011-03-22	147.9	149.4	147.4
2011-03-23	148.7	149.5	147.1
2011-03-24	151.4	151.6	148.6
2011-03-25	151.1	151.9	150
2011-03-28	151.7	152	150.6
2011-03-29	150.7	151.9	149.4
2011-03-30	151.7	152.3	151
2011-03-31	152.5	153.1	150.9
2011-04-01	155.2	155.3	152.8
2011-04-04	154.9	156.3	154.6
2011-04-05	153.6	155.8	151.8
2011-04-06	153.7	155	153.3
2011-04-07	153	155.3	152.7
2011-04-08	153	154.5	152.3
2011-04-11	152.5	153	151.9
2011-04-12	152.5	153.5	151.5
2011-04-13	152.4	153.3	152.1
2011-04-14	150.1	152.6	150.1
2011-04-15	151	151.3	149.5
2011-04-18	150.7	152.2	149.9
2011-04-19	149.8	151.4	149.8
2011-04-20	152.8	153.2	149.8
2011-04-21	154.3	154.5	152.7
2011-04-26	156.8	157.1	154.1
2011-04-27	158.7	161.8	158.4
2011-04-28	165	165.3	161.7
2011-04-29	166.5	166.5	163.6
2011-05-02	163	166.8	162.7
2011-05-03	160.8	161.1	159.1
2011-05-04	162.1	163.7	160.3
2011-05-05	160.6	164	160.1
2011-05-06	163.9	164.4	159.8
2011-05-09	164.7	165.8	163.4
2011-05-10	166	166.6	164.8
2011-05-11	165.8	166.7	164.9
2011-05-12	166.3	166.5	164
2011-05-13	165.9	167	165.7
2011-05-16	166.8	166.8	163.8
2011-05-17	165.3	166.9	164.8
2011-05-18	165.2	166.4	164.1
2011-05-19	165	167.2	164.7
2011-05-20	165.3	166.5	164.7
2011-05-23	163.2	164.9	162.1
2011-05-24	164.3	164.8	162.8
2011-05-25	163.8	164.5	162.3
2011-05-26	163.6	163.9	162.2
2011-05-27	165.1	165.2	164
2011-05-30	165.3	166	165
2011-05-31	165.6	166.8	165.2
2011-06-01	166.6	166.7	164.8
2011-06-03	163.7	165.6	163.3
2011-06-07	161.3	163.8	161.2
2011-06-08	158.1	161.3	158.1
2011-06-09	161.4	162.1	158.4
2011-06-10	162	163.5	161
2011-06-13	159.3	161.7	158.7
2011-06-14	163.5	164	161.2
2011-06-15	164	164.7	162.7
2011-06-16	161.4	163	159.5
2011-06-17	160	162.4	158.6
2011-06-20	157.9	160	157.8
2011-06-21	161.6	161.7	158.1
2011-06-22	161.1	162.9	160.9
2011-06-23	159.5	161.8	159.4
2011-06-27	160.7	162.5	159.8
2011-06-28	161.3	163.2	160
2011-06-29	163.1	163.5	162
2011-06-30	162.6	164.3	161.7
2011-07-01	162.9	163.7	161.8
2011-07-04	163.3	164	162.4
2011-07-05	163.6	164.2	162.7
2011-07-06	165.1	166	163
2011-07-07	167.5	168	165.1
2011-07-08	167.8	169.2	166.4
2011-07-11	166.8	168.3	165.7
2011-07-12	166.4	167.3	164.6
2011-07-13	170.2	170.4	166.2
2011-07-14	168	170.2	167.8
2011-07-15	165.5	167.2	164.6
2011-07-18	162.7	166.7	162
2011-07-19	162.2	162.8	160
2011-07-20	163.3	163.5	161.9
2011-07-21	157.5	163	156.6
2011-07-22	156.3	158.9	155.6
2011-07-25	158.3	159.2	155.5
2011-07-26	156.9	158.5	155.7
2011-07-27	153.9	156.3	153
2011-07-28	152.8	153.8	151.4
2011-07-29	151.4	152.8	149.9
2011-08-01	149.7	155.7	149.6
2011-08-02	148.9	151.2	147.7
2011-08-03	147.3	151.4	145.9
2011-08-04	140.7	147.6	140.7
2011-08-05	140.2	144.5	132.3
2011-08-08	131.5	139.1	131.4
2011-08-09	138.6	138.6	124.8
2011-08-10	137.2	145.6	136.7
2011-08-11	138.5	140.1	133.1
2011-08-12	143.3	144.2	138.7
2011-08-15	141	144	139.7
2011-08-16	138.7	140.6	136.8
2011-08-17	136.4	139.4	136.4
2011-08-18	128.8	135	128.5
2011-08-19	126	129.4	123.1
2011-08-22	125.4	127.8	124.1
2011-08-23	126.5	127.9	124.8
2011-08-24	129	131.4	126.5
2011-08-25	126.7	131.5	126.4
2011-08-26	126.2	127.5	124.5
2011-08-29	128.9	129.3	126.9
2011-08-30	131.9	133.4	130
2011-08-31	135.5	137.2	132.1
2011-09-01	136.5	136.6	134.1
2011-09-02	132.1	136.5	132
2011-09-05	126.1	129.7	125.6
2011-09-06	120.5	126.6	118.7
2011-09-07	124	124	121
2011-09-08	122.9	124.4	121.5
2011-09-09	118.1	122.8	118.1
2011-09-12	118.3	119.8	114.8
2011-09-13	119.5	121.2	116
2011-09-14	123	123.5	118
2011-09-15	126.3	126.8	124
2011-09-16	125.8	127	124.6
2011-09-19	121.2	124.6	120.9
2011-09-20	121.9	122.6	120
2011-09-21	121.5	122.8	120.2
2011-09-22	116.3	119.9	116.3
2011-09-23	115.4	117.7	111.2
2011-09-26	115.8	117.4	112.7
2011-09-27	121.2	121.2	117.7
2011-09-28	119.4	121.4	118.5
2011-09-29	123.1	123.1	118.5
2011-09-30	118.8	122.6	118.7
2011-10-03	116.5	117.8	115.6
2011-10-04	112.4	115.4	111.1
2011-10-05	115.6	116.1	113
2011-10-06	119.9	120.3	116.3
2011-10-07	121	121.8	119.4
2011-10-10	125.2	125.4	120.6
2011-10-11	125.3	125.9	123.6
2011-10-12	129	129	123.8
2011-10-13	127.4	129.8	127
2011-10-14	128.7	129.2	127.4
2011-10-17	127.1	130.4	125.9
2011-10-18	126.8	127.4	124.9
2011-10-19	124.5	128.2	124
2011-10-20	121.9	122.9	120
2011-10-21	125.2	125.3	121.3
2011-10-24	128.8	129.2	125.5
2011-10-25	128.3	129.8	126.8
2011-10-26	128.7	130	127.1
2011-10-27	128.7	129.8	125.8
2011-10-28	128.1	130	127.4
2011-10-31	123.8	127.6	123.7
2011-11-01	118.9	121.6	118
2011-11-02	121	121.8	119.6
2011-11-03	124.1	124.1	118.6
2011-11-04	125.8	126.8	124.5
2011-11-07	122	124.7	121.1
2011-11-08	123.6	124.9	121.3
2011-11-09	121.2	125	120.3
2011-11-10	120.9	122.7	118.2
2011-11-11	124.2	124.7	120.8
2011-11-14	123.2	125.1	122.5
2011-11-15	124.1	125.5	122
2011-11-16	125	126.2	123.5
2011-11-17	122.9	124.5	121.7
2011-11-18	121.4	122.6	120.5
2011-11-21	116.8	120.7	116.7
2011-11-22	116.4	118.4	115.4
2011-11-23	115.5	117.8	115
2011-11-24	117.4	118.6	115.7
2011-11-25	117.7	118.8	115.3
2011-11-28	122.5	122.7	119.1
2011-11-29	123	123.9	121.7
2011-11-30	127.9	127.9	121.7
2011-12-01	127	128.5	126.5
2011-12-02	126.9	128.4	126.5
2011-12-05	127.8	128.3	126.6
2011-12-06	127	128.3	126.4
2011-12-07	127.2	128.6	125.7
2011-12-08	125	128.6	124.8
2011-12-09	126.7	127.4	123.9
2011-12-12	124.8	127.4	124.8
2011-12-13	126.7	126.9	124.7
2011-12-14	123.6	126.9	123.1
2011-12-15	124.1	125.8	122.8
2011-12-16	123.2	125.9	123.2
2011-12-19	123.4	125	122.8
2011-12-20	125.5	125.7	122.1
2011-12-21	125.5	127.2	124.2
2011-12-22	126.2	126.9	125.3
2011-12-23	128.2	128.2	126.4
2011-12-27	127.8	128.7	127.4
2011-12-28	128	129.2	127.1
2011-12-29	128.6	129	127.9
2011-12-30	129.5	130.2	129
2012-01-02	133.9	134.8	129
2012-01-03	135.7	135.9	132.7
2012-01-04	134.7	135.6	133.9
2012-01-05	134.9	135.4	134.2
2012-01-09	134.4	135.1	133
2012-01-10	135.9	136.8	133.8
2012-01-11	137	137.4	135.5
2012-01-12	139.5	140.2	137.5
2012-01-13	139.2	140.4	137.8
2012-01-16	140.8	141.1	138.2
2012-01-17	142	142.7	141
2012-01-18	143.1	143.1	140.5
2012-01-19	144.5	144.9	142.7
2012-01-20	143.2	145	142.3
2012-01-23	144.7	144.7	142.5
2012-01-24	140.9	142.9	138.8
2012-01-25	141.7	141.7	138.9
2012-01-26	144.2	145.1	141.9
2012-01-27	143.4	145.4	143
2012-01-30	140.3	143	139.8
2012-01-31	141.8	143.7	140.5
2012-02-01	146.1	146.1	141.2
2012-02-02	146.2	146.6	145
2012-02-03	146.7	147.4	145.3
2012-02-06	146.1	146.1	143.7
2012-02-07	143.6	146.2	142.4
2012-02-08	143.4	145.4	142.8
2012-02-09	144.4	144.9	142.6
2012-02-10	143.6	144.9	142.2
2012-02-13	143.8	144.9	143.5
2012-02-14	143.1	145	142.3
2012-02-15	145	145.4	143.2
2012-02-16	140.4	140.6	137.8
2012-02-17	141	142	139.1
2012-02-20	140.4	141.7	140.2
2012-02-21	139	140.7	138.2
2012-02-22	138.4	139.7	136.9
2012-02-23	137.8	139.1	136.3
2012-02-24	137.9	138.9	137.1
2012-02-27	137.1	137.9	135.5
2012-02-28	137.4	138.2	135.8
2012-02-29	135.8	138.3	135.6
2012-03-01	136.6	137.3	135
2012-03-02	137.5	137.8	136.2
2012-03-05	136.7	137.4	136.1
2012-03-06	132.8	136.1	132.6
2012-03-07	135	135.5	132.1
2012-03-08	136.3	137.1	134.5
2012-03-09	137.1	137.7	135.5
2012-03-12	138.2	138.5	136.8
2012-03-13	139.5	140	138.3
2012-03-14	141.1	141.3	139
2012-03-15	142.4	142.6	141.3
2012-03-16	140.9	142.9	140.3
2012-03-19	141.2	142.1	140.6
2012-03-20	139.2	141.1	138.6
2012-03-21	138	140.2	137.5
2012-03-22	136.2	138.2	135.4
2012-03-23	137.3	137.8	135.3
2012-03-26	137.6	138.3	136.7
2012-03-27	136.6	138.5	136.3
2012-03-28	134.9	137.1	134.9
2012-03-29	133.2	135.5	132.8
2012-03-30	135.8	135.8	133.4
2012-04-02	136.8	136.8	134.5
2012-04-03	136.7	136.9	135.9
2012-04-04	133.6	135.9	133.4
2012-04-05	132.8	134.5	132.2
2012-04-10	132.7	133.9	131.8
2012-04-11	132.7	133.6	131.9
2012-04-12	135	135.4	133.1
2012-04-13	132.1	134.8	131.9
2012-04-16	133.6	134.6	131.7
2012-04-17	137.4	137.8	132.9
2012-04-18	136.2	137.9	135.2
2012-04-19	136.5	138.1	136.1
2012-04-20	138.4	138.4	135.4
2012-04-23	133.7	138	132.7
2012-04-24	136.1	136.3	133.9
2012-04-25	131.3	133	130.3
2012-04-26	128.2	131.6	126
2012-04-27	127.5	128.8	126.5
2012-04-30	123.8	124.4	122.1
2012-05-02	122.6	124.4	121.4
2012-05-03	122.2	123.3	121.6
2012-05-04	121.4	122	121
2012-05-07	121.6	122.3	119
2012-05-08	119.5	121.5	119.2
2012-05-09	118.5	120.1	117.3
2012-05-10	119.3	120.2	118.5
2012-05-11	118.3	118.7	116.7
2012-05-14	116.5	117.5	116.1
2012-05-15	117.6	118	116.1
2012-05-16	117.8	119	116.6
2012-05-18	115.7	116.7	115
2012-05-21	116.8	118.2	114.9
2012-05-22	119	119.2	117.5
2012-05-23	116.1	118.3	115.8
2012-05-24	116.8	117.7	115.5
2012-05-25	116.8	118.1	116.1
2012-05-28	117.2	118.9	116.3
2012-05-29	118.3	118.9	116.6
2012-05-30	117.1	118.4	116.2
2012-05-31	113.8	117.3	113.1
2012-06-01	113.1	114.8	111.6
2012-06-04	111.6	113.2	111.6
2012-06-05	112.3	112.7	111.5
2012-06-07	117.3	117.7	114
2012-06-08	115.3	117	115
2012-06-11	115.6	118.2	115.6
2012-06-12	115.9	116.2	114.8
2012-06-13	113	116.2	112.4
2012-06-14	112.4	114	111.6
2012-06-15	111.4	113.1	107
2012-06-18	112.6	113.2	111.3
2012-06-19	114.9	115	112.1
2012-06-20	115.1	115.5	114.4
2012-06-21	114.8	116.4	114.6
2012-06-25	109.9	112.2	109.5
2012-06-26	109	110	108.3
2012-06-27	110	110.2	109.1
2012-06-28	109.7	110.6	109.1
2012-06-29	113.1	113.1	111.2
2012-07-02	113.5	114.6	112.9
2012-07-03	115.3	115.3	113.8
2012-07-04	114.6	115.6	114.1
2012-07-05	114.3	116.7	113.8
2012-07-06	113.4	114.7	113.3
2012-07-09	112.4	113.4	111.6
2012-07-10	112.1	113.7	111.3
2012-07-11	112	112.2	110.8
2012-07-12	111.4	112.1	110.6
2012-07-13	112.9	113.2	111.6
2012-07-16	114.5	114.6	112.9
2012-07-17	114.2	115.7	114
2012-07-18	112.1	114.6	110.3
2012-07-19	112	113.4	111.4
2012-07-20	112	114.4	111.8
2012-07-23	110.2	111.8	109.6
2012-07-24	110.9	111.1	110
2012-07-25	111.4	112	110
2012-07-26	117	117.6	113.6
2012-07-27	119.6	120.1	115.4
2012-07-30	118.9	120.1	117.7
2012-07-31	119	119.4	117.9
2012-08-01	118.4	119.8	118.3
2012-08-02	116.8	121	116.8
2012-08-03	120.9	121.5	117.4
2012-08-06	121	122.7	120.8
2012-08-07	121.5	121.7	120.1
2012-08-08	120.6	121.6	119.4
2012-08-09	119.9	121.4	119.5
2012-08-10	119	120.3	118.5
2012-08-13	119.6	119.9	118.5
2012-08-14	119.8	120.2	119.4
2012-08-15	119	119.8	119
2012-08-16	119.7	119.8	118.4
2012-08-17	120	121	119.6
2012-08-20	120.2	121.4	119.6
2012-08-21	119.6	119.9	118.4
2012-08-22	117.8	119	116.9
2012-08-23	117	119.2	116.7
2012-08-24	116.4	117.2	115.6
2012-08-27	116.3	116.6	115.2
2012-08-28	114.2	115.5	113.8
2012-08-29	115.8	116.5	114.6
2012-08-30	115	116	114.2
2012-08-31	115.5	116.9	114.2
2012-09-03	117.2	117.7	114.7
2012-09-04	115.6	117.9	115.2
2012-09-05	115.9	116.3	114.7
2012-09-06	120.7	121.4	117
2012-09-07	123.8	124	121.4
2012-09-10	123.8	125.4	123.4
2012-09-11	125.3	125.3	122.9
2012-09-12	126.3	126.5	123.3
2012-09-13	127.8	128	126.1
2012-09-14	131.5	132.8	128.9
2012-09-17	131.1	132.4	130.3
2012-09-18	129.4	130.5	128.6
2012-09-19	129.2	130	128.1
2012-09-20	127.8	128.6	127
2012-09-21	128.5	129.2	127.7
2012-09-24	128	128.3	127.1
2012-09-25	127.2	128.7	126
2012-09-26	124.9	126.6	124.5
2012-09-27	124.6	126	124.1
2012-09-28	123.7	126	123.5
2012-10-01	125.9	126.1	123.7
2012-10-02	127.2	127.9	125.3
2012-10-03	128	128.5	125.8
2012-10-04	128.2	128.5	127.3
2012-10-05	129	129	127.4
2012-10-08	128.1	128.4	127.5
2012-10-09	126.8	128.1	126.6
2012-10-10	125	126.7	124.5
2012-10-11	127	127.8	124.3
2012-10-12	127.2	128.1	126.2
2012-10-15	126.6	127.6	126
2012-10-16	127.9	128.1	126.2
2012-10-17	129.5	129.7	127.4
2012-10-18	129.8	130	128
2012-10-19	128.2	130.4	128.1
2012-10-22	129	129.7	127.2
2012-10-23	126	128.9	125.3
2012-10-24	126	126.6	124.8
2012-10-25	124.6	126.8	123.5
2012-10-26	122.7	124.4	121.5
2012-10-29	121	122	120.6
2012-10-30	121	122.4	120.7
2012-10-31	119.8	122	119.8
2012-11-01	122	122.2	119.4
2012-11-02	124.1	124.4	122.1
2012-11-05	121.9	123	121.7
2012-11-06	124.2	124.7	122.5
2012-11-07	122.5	126.3	122.5
2012-11-08	122.8	124.5	122.7
2012-11-09	123.7	123.9	122.3
2012-11-12	123.3	124	123
2012-11-13	123.2	123.7	121.6
2012-11-14	122.5	123.5	122.2
2012-11-15	121	122.3	121
2012-11-16	119.7	121.1	119.4
2012-11-19	122.3	122.4	120
2012-11-20	122.3	123	121.6
2012-11-21	123.2	123.6	122.1
2012-11-22	124.4	125	123.2
2012-11-23	125.1	125.4	123.8
2012-11-26	124.6	125.6	123.8
2012-11-27	126.2	127.2	124.8
2012-11-28	127.1	127.4	125.7
2012-11-29	130.1	130.2	127.8
2012-11-30	130	130.9	129.1
2012-12-03	129.7	131.5	129.5
2012-12-04	130.2	130.7	129.6
2012-12-05	130.5	131.4	130.5
2012-12-06	131.6	132.3	131
2012-12-07	132.6	133	131.4
2012-12-10	133.1	133.2	131.5
2012-12-11	133.3	133.5	132.7
2012-12-12	134	134.4	132.4
2012-12-13	135.3	135.8	134.3
2012-12-14	136.6	136.6	135.1
2012-12-17	136.3	136.6	135.6
2012-12-18	136.6	137	136
2012-12-19	136.1	137	135.2
2012-12-20	135.1	135.8	135.1
2012-12-21	135.7	135.7	134.6
2012-12-27	135.2	136	134.6
2012-12-28	134.1	135.6	133.9
2013-01-02	138.1	138.3	135.5
2013-01-03	136.6	137.5	135.9
2013-01-04	137.4	137.4	135.5
2013-01-07	136.2	137.5	136
2013-01-08	136.8	137.7	135.9
2013-01-09	139.2	139.3	137.3
2013-01-10	139	139.8	138.6
2013-01-11	139.3	139.6	138.5
2013-01-14	137.1	139.3	137
2013-01-15	136.1	137.2	135.1
2013-01-16	137.8	137.9	135.8
2013-01-17	138.8	139	136.6
2013-01-18	137.8	138.4	136
2013-01-21	137.1	138.1	136.1
2013-01-22	136.2	136.9	135
2013-01-23	137	137	134.3
2013-01-24	137.1	137.3	135.9
2013-01-25	137.2	137.4	136.2
2013-01-28	137.1	137.8	136.8
2013-01-29	137.2	137.2	136.6
2013-01-30	137.9	138	136.6
2013-01-31	136.9	138.1	136.5
2013-02-01	137.7	138	135.6
2013-02-04	133.5	137.6	133.2
2013-02-05	134.6	135	133.2
2013-02-06	134.8	136.1	133.8
2013-02-07	134.4	135.8	134.3
2013-02-08	135.3	135.5	134.5
2013-02-11	134.4	135.6	134.1
2013-02-12	133.9	134.6	132.9
2013-02-13	135.1	135.7	133.6
2013-02-14	142.3	143.1	138.2
2013-02-15	143.8	144.3	142.4
2013-02-18	144	144.7	142.8
2013-02-19	145.1	145.5	143.5
2013-02-20	146.6	147	145
2013-02-21	146.3	147.2	144.6
2013-02-22	148.1	148.4	146.2
2013-02-25	146.3	148.8	145.5
2013-02-26	144.9	146.5	144
2013-02-27	146.9	146.9	144.7
2013-02-28	147.6	148.6	147.1
2013-03-01	146.4	148.1	145.6
2013-03-04	145.3	145.3	144.1
2013-03-05	146.9	147.1	145.1
2013-03-06	146.5	147.4	146.4
2013-03-07	146	147.5	145.5
2013-03-08	145.9	146.7	145.5
2013-03-11	145.8	146	145.3
2013-03-12	145.2	146.1	145
2013-03-13	146.3	146.9	145.2
2013-03-14	147.7	147.7	146.5
2013-03-15	148.7	148.8	147.4
2013-03-18	147.1	147.7	146.3
2013-03-19	146.4	147.1	145.8
2013-03-20	148.1	148.1	146.2
2013-03-21	146.5	148.4	145.5
2013-03-22	146.5	147.4	145.6
2013-03-25	147.2	149.4	146.8
2013-03-26	148.3	148.4	146.7
2013-03-27	147.3	148.8	146.1
2013-03-28	148.1	148.1	147
2013-04-02	147.9	148.2	146.6
2013-04-03	146.8	149	146.5
2013-04-04	145.1	147.7	144.8
2013-04-05	142.1	145.6	141.8
2013-04-08	140.4	142.6	139.9
2013-04-09	141	141.9	140.4
2013-04-10	144.5	144.5	141.2
2013-04-11	144.5	145.6	143.9
2013-04-12	144	144.6	143.2
2013-04-15	142.3	145.4	142.2
2013-04-16	142.5	143.3	140.3
2013-04-17	140.1	143.7	139.3
2013-04-18	140.1	141.8	139
2013-04-19	139.7	141.5	138.9
2013-04-22	137.8	141.5	137.3
2013-04-23	144.2	144.8	137.9
2013-04-24	148.6	149	144.4
2013-04-25	151.1	151.5	148
2013-04-26	149.4	150.8	148.8
2013-04-29	147.3	147.4	145.3
2013-05-02	145.8	146.2	144.5
2013-05-03	148	148.5	146.1
2013-05-06	148.3	148.7	147.4
2013-05-07	148.2	149.2	147.7
2013-05-10	148.2	149.1	146.1
2013-05-13	147.4	148.7	146.7
2013-05-14	148.5	148.9	146.6
2013-05-15	149.2	149.5	147.7
2013-05-16	148.1	148.3	146.9
2013-05-17	148.6	149	147
2013-05-20	148.9	149.8	148.6
2013-05-21	149.9	150.2	148.4
2013-05-22	149.1	150.1	148.6
2013-05-23	146.9	147.9	146.4
2013-05-24	148.1	148.8	147.3
2013-05-27	147.6	148.7	146.9
2013-05-28	148.8	149.2	147.5
2013-05-29	147.3	148.9	146.9
2013-05-30	146.8	147.5	146.2
2013-05-31	147.2	147.2	144.6
2013-06-03	145	146	144.2
2013-06-04	145.4	146.1	144.8
2013-06-05	144.2	145.6	143.8
2013-06-07	144.2	145.1	142.1
2013-06-10	144.9	145.9	143.3
2013-06-11	143.6	145.1	143.1
2013-06-12	142.4	144.2	142.2
2013-06-13	141.7	142	139.5
2013-06-14	140.9	143	140.9
2013-06-17	145	146.3	142
2013-06-18	146	146.8	144.8
2013-06-19	144.5	146	144.4
2013-06-20	142.8	144.1	142
2013-06-24	140.6	141.7	139
2013-06-25	141.6	142.4	140.65
2013-06-26	143.9	144.1	141.4
2013-06-27	146.1	146.4	143.7
2013-06-28	146.5	146.7	145.5
2013-07-01	145.8	147	145
2013-07-02	144.6	145.5	143.9
2013-07-03	143.9	144.3	142.6
2013-07-04	145.7	146.7	144.5
2013-07-05	146.2	146.8	145.2
2013-07-08	147.1	148.9	146.3
2013-07-09	147.6	148.8	146
2013-07-10	147.8	148.6	146.3
2013-07-11	149.9	149.9	148.3
2013-07-12	149.8	150.7	149.3
2013-07-15	150.4	151.1	150.1
2013-07-16	150	151.4	149.8
2013-07-17	149.3	150.6	148.3
2013-07-18	150.1	150.4	148.8
2013-07-19	149.8	150	148.5
2013-07-22	148.7	150	148.2
2013-07-23	147.2	148.8	146.7
2013-07-24	148.9	149.4	146.9
2013-07-25	145.1	146.3	142
2013-07-26	143.1	145.1	142.5
2013-07-29	142.6	144.2	142.4
2013-07-30	144.7	145	142.5
2013-07-31	144.1	145.4	144
2013-08-01	146.8	146.8	144.3
2013-08-02	146.5	146.9	144.8
2013-08-05	146.1	147	145.8
2013-08-06	145.7	147.3	145.5
2013-08-07	144.5	145.6	144.3
2013-08-08	145.2	145.8	144.5
2013-08-09	146.1	147.2	145.2
2013-08-13	147.3	147.8	146.2
2013-08-14	146.9	147.5	146.6
2013-08-15	146.4	146.8	145.8
2013-08-16	147.1	147.5	146
2013-08-19	145.9	147.4	145.7
2013-08-20	145.4	146	145
2013-08-21	145.8	146.6	145.1
2013-08-22	146.5	147.2	145.5
2013-08-23	147.1	147.6	146.2
2013-08-26	147.4	147.5	146.3
2013-08-27	144.8	147.8	144.4
2013-08-28	143.6	144.4	141
2013-08-29	142.5	143.1	141.4
2013-08-30	141.8	142.9	141.3
2013-09-02	142.6	143.4	142.3
2013-09-03	143.3	143.4	141.7
2013-09-04	145.1	145.7	142.6
2013-09-05	146.2	146.8	144.7
2013-09-06	147.9	147.9	146.4
2013-09-09	147.7	148.3	146.9
2013-09-10	148.8	149.2	147.4
2013-09-11	150.1	150.6	148.6
2013-09-12	150.7	151.1	149.7
2013-09-13	149.8	150.4	149
2013-09-16	151	151.8	150
2013-09-17	150.3	150.8	150.1
2013-09-18	151.1	151.5	150.4
2013-09-19	152	152.5	151.3
2013-09-20	152.6	152.9	151.4
2013-09-23	151.6	152.3	151.3
2013-09-24	153.2	153.3	150.9
2013-09-25	153	153.4	152.2
2013-09-26	153.1	153.3	152.2
2013-09-27	152.6	153.4	152
2013-09-30	151.3	152	150.4
2013-10-01	150.6	152.2	150.1
2013-10-02	149.8	150.9	149.4
2013-10-03	149.1	150.5	149
2013-10-04	149.3	150.4	148.1
2013-10-07	149.6	150.9	149.6
2013-10-08	148.6	150.5	148.4
2013-10-09	146.9	148.1	146.7
2013-10-10	150.5	151.2	147.2
2013-10-11	151.1	151.6	150.7
2013-10-14	150.4	151	150.1
2013-10-15	151.7	152.1	150.5
2013-10-16	150.8	151.8	149.6
2013-10-17	148.8	150.8	148.5
2013-10-18	151.8	152	149.4
2013-10-21	153.6	154.2	151.7
2013-10-22	156	156.3	153.2
2013-10-23	156.9	157	155.2
2013-10-24	164.2	165	160.2
2013-10-25	163.5	164.3	162.5
2013-10-28	163.6	164.7	162.9
2013-10-29	163	164.7	162.9
2013-10-30	164.9	165.3	163.4
2013-10-31	165.4	165.8	163.8
2013-11-01	163.5	166	163.5
2013-11-04	164.2	164.6	163.1
2013-11-05	163.6	164.8	163.1
2013-11-06	165	165.5	163.5
2013-11-07	165.2	166.3	163.8
2013-11-08	165.2	165.7	164.3
2013-11-11	165.4	166.8	165.1
2013-11-12	166.3	167	165.3
2013-11-13	165.8	166.6	165.3
2013-11-14	167.9	167.9	166.7
2013-11-15	167.8	168	166.8
2013-11-18	168.7	168.9	167.3
2013-11-19	167.6	168.6	167.3
2013-11-20	166.5	167.6	166.2
2013-11-21	166.3	166.5	165
2013-11-22	167.2	167.4	165.9
2013-11-25	167.2	168	166.7
2013-11-26	167.3	167.5	166.1
2013-11-27	168.4	168.6	166.6
2013-11-28	167.7	169.2	167.4
2013-11-29	168	168.7	167.5
2013-12-02	166.6	167.6	166.5
2013-12-03	162.5	166.4	161.9
2013-12-04	161.8	163.3	160.4
2013-12-05	162.1	163.7	161
2013-12-06	164.6	165.2	162.2
2013-12-09	165.8	166	164.6
2013-12-10	164.2	167.4	164.2
2013-12-11	164	164.8	161.9
2013-12-12	161.8	163.9	161.8
2013-12-13	161.7	163.5	161.2
2013-12-16	164	164.1	158.5
2013-12-17	162.9	164.3	162.8
2013-12-18	164.9	165.1	163.2
2013-12-19	168.1	168.2	165.6
2013-12-20	169	169.5	167.6
2013-12-23	170.8	171	168.9
2013-12-27	172.3	172.4	171
2013-12-30	170	172.2	169.5
2014-01-02	169	171.2	168.7
2014-01-03	170	170.3	167.6
2014-01-07	168.1	168.4	165.2
2014-01-08	169.1	169.5	168.1
2014-01-09	169.3	170.9	169
2014-01-10	169.8	170.4	168.8
2014-01-17	175.7	175.9	171.8
2014-01-20	175.7	176.3	175.1
2014-01-21	172.5	175.3	172.5
2014-01-22	165.7	167.7	164.3
2014-01-23	166.5	168.8	165.5
2014-01-24	163.4	167	163.3
2014-01-27	162.1	162.9	160.3
2014-01-28	163.4	164.4	161.5
2014-01-29	163.7	164.4	162.2
2014-01-30	163.5	164.6	162.2
2014-01-31	162.9	163.2	161.2
