close
126
123.25
120.5
118.25
119.75
119.5
120.25
122
124.25
123.75
122.25
124.25
124.75
122.25
123
123.25
124.5
124.25
122.25
121.75
123.75
122.75
124.5
126.75
127.5
128.75
131.75
128.25
130.5
128.75
129.5
131.5
130.25
126.5
127.25
126.75
126
126
126
126
117.5
117.5
117
117.75
114.5
113.75
115.75
119.75
119.75
119.75
118.5
113.75
117
116.5
119.5
118.75
120.25
122.75
122.75
120.5
120.75
119.25
120.5
120
121.5
123.5
124.75
124.75
124.25
123
123.5
124.25
125.25
124.25
124.25
124.5
126.5
129
127
129.25
135.25
136
137
136
135.25
136.25
137.25
133
134
135
135
136.25
136
136
139.25
139.5
141.25
144.75
144.25
143
145.25
146
145
148
151
151.5
152
146.5
147.25
151.5
150.5
151
156
157.5
155.5
155
155.5
154.5
154
153.5
151.5
154
156
158
159.5
160
159.5
159.5
161.5
160.5
161.5
166
164
165
162.5
159
163
159.5
161
159
152
154
156
160.5
166
161.5
160
158.5
155.5
155.5
161.5
157.5
150
156.5
155.5
155.5
148
148
153.5
155.5
160.5
159.5
162
163.5
161.5
164.5
166
169
168
170
163.5
163
157
154
156.5
158.5
160.5
158.5
156.5
161.5
165
164.5
166
168.5
167.5
169
168.5
169.5
174
174.5
174.5
174
174.5
175
175
177.5
178.5
178
179
177
180.5
179.5
176
174.5
178.5
177
185.5
190
192
191
191
193
192.5
199
202
200.5
195
189
185
180
182
177.5
175
164
172
167.5
166
169.5
172
170
179
182.5
186.5
185
183
187.5
187.5
188.5
190.5
191
188.5
181
182
176
178.5
178
176
182
185.5
185
182.5
178.5
170
162
168.5
166
161
163
167
160.5
153
152.5
152.5
142
148.25
147
155.5
160
156.5
161
155
157
163.5
162.5
156
158.5
153.5
153
153
161
151
148
144
149.25
147.25
147
150.5
147.75
151
155.5
160.5
159.5
157.5
154
153
157.5
157
157.5
153
156
158
156.5
154.5
151
151
148
152
157.5
159.5
160.5
159.5
163
162
161
164
165.5
163
163.5
162
159.5
157.5
159.5
163
160.5
166.5
164
164
169.5
177.5
178.5
183
182
181.5
187
188
183.5
187
189
186.5
187
191
195.5
193.5
193.5
198.5
193
192.5
196.5
192.5
190.5
191.5
194
196
194.5
194
197
196.5
192
188
184.5
177
182.5
182
183
187
183
186
185.5
181
175
170
171.5
171.5
165.5
165
163.5
161.5
167
162
165
159.5
157
162.5
159.5
164
167
170
168.5
170
175.5
163
160.5
158.5
159.5
160.5
161
156.5
153
154
157
159.5
158.5
157.5
153
150
152.5
152.5
153
149.25
148.75
147
149.25
146
149.25
154
158
159.5
163
155
149.25
151
144.75
143
141.5
143.25
141.75
140.25
135
131.25
142.75
141.5
139.75
135.5
137
134.25
125.75
131.25
129.5
127.75
128.5
118
111.5
107
107.5
101.75
117.25
119
109.25
105.25
109
116
120.5
113.75
91.25
87
83.5
83.75
93.25
94.5
95.25
101.25
107
105.25
91.75
90.5
97.75
91.5
85.5
86
87.25
86.75
85.25
80.75
81.25
82
91
96.25
99.25
104.75
104
98.25
99.75
98.75
99.75
95.25
103.25
110
110.5
110.5
109
109.25
114.25
114.5
114.75
107
107.25
109.5
113.5
116
118.5
117.75
115.5
114.5
113.5
109.75
107
102
101.75
101.25
100.5
99.75
102.25
101
99.5
98.5
101
107.25
105.5
107
102.25
107.25
111
110.25
114.5
116.75
113.25
112.25
110
113.5
114.25
109.25
107.5
105.25
101
100
101.5
102
108
110
104
103
108.5
108
109.5
107
113.75
117
113.5
113.75
115.5
114.75
112
110.5
113.25
114.5
114.25
114.75
115.5
113.25
110.5
114.75
116
120
120
117.5
116.5
117
119.75
122.5
123.75
124.25
128
125
123.75
130.75
122.25
122
119
114.25
114.25
115
123.25
125
127
125.5
125.25
124.5
121.25
116
117.5
119.25
119.5
121.5
123.75
121
120.25
121.5
123.75
124
123.5
128
129.25
127.75
127.25
128.5
125.5
125.25
126
130
127
125.75
125.25
122.5
124
120.5
118.5
122.5
122
120.25
123.75
121.5
123.25
121
120
118.5
118.5
116.5
119.25
118.25
121
121.75
126.25
126.5
126.75
128.5
129.25
128.5
132.5
132.75
129
128.75
131.25
133.25
131.25
133.75
132.5
130.75
131.5
131.5
132.5
131.25
131.75
134.25
131.75
129.25
129.25
130.25
131.75
133.5
137.25
139
136.5
135.75
139
136.75
134.25
133.75
135.75
136
135.75
137
142.5
146.25
144
143.25
142
143.5
141
140.75
141
142.25
143
141.75
139.25
141
141.25
139.5
137.75
136
137.5
140
139
143.75
145.5
148.5
146.25
151.5
151
149.75
149.75
148.75
147.25
146
145.25
142.1
143.9
139.7
136.4
133.7
133.9
132.7
135.7
135.1
136.3
136.5
136
136.9
135
133.8
133.7
131.3
132
127.9
129.7
132.4
132.5
132.4
129
129.4
128
129.6
129.7
129.2
129.8
129
128.8
127.2
126.7
128.4
129.6
130.6
132.1
133
132.8
134.9
137.5
137.8
138.3
138.5
138
138.6
139.1
142.8
145.6
144.8
142.3
141.4
142.3
142
141.2
139.8
136.1
134.4
133.4
133.8
134.6
136.5
134
135.4
134.3
136.7
136.1
134.2
130.7
130.5
131
129
130.7
129.3
129.3
130.7
132.5
141.9
144
144.4
143.3
143.8
143.1
144
147
147.9
149.2
148.9
149.3
150.2
150.2
150.4
148
148.7
148.9
151
152.9
152.9
150.8
153.6
156.1
155.9
156.5
156.2
156.3
156.9
157.9
159.5
161.1
159.4
157.9
160.5
161.3
160.3
160.6
160.4
160.1
159.4
160.4
159
147.2
150.1
149
144.9
141.2
142
140.9
141.2
138.1
137.4
138.4
136.5
140.4
140.3
141.5
139.1
136
137.6
132.3
130.7
130.7
132.8
130
131.8
136
134.3
135.2
134
133.3
134.5
133.5
133.2
134.3
136.7
137.9
139.4
142.6
144.1
143.8
144.9
144.8
148.1
146.8
144.2
141.7
143
137.2
137.6
134.8
133.1
133
136.4
137.6
140.1
139.7
136.1
138.9
137.6
137
134.8
133.2
134.6
137.6
144.4
145.4
148.7
144.9
146.6
145.9
145.5
148
146.4
146.9
147.7
145.8
145.8
143.4
140.4
140.9
141.6
143.8
144.4
145.7
144.6
142.1
141.2
141.6
140
140.9
141.6
142.6
142.5
145.4
146.9
147
147.8
148
147.4
149.4
147.6
146.5
146
145.2
144.7
145.9
145.5
146.4
144.1
143.7
144.9
144.2
143.9
143.9
143.2
143.7
142.7
144
146
145.4
145.5
146.5
146.7
149.4
148.3
147.6
149
149.5
150.3
151.9
148.8
148.7
148.9
147.7
141.4
138.9
137.8
139.6
139.2
141
142.2
143.6
143.9
142.8
143.2
140.9
142.1
138.6
139.7
141.3
140.8
139.9
137.2
138.3
136.7
137.2
136.9
138.4
138
139.2
140.2
138.9
142.2
142.4
142.8
143.3
144.8
146.5
147
147.1
147.7
149.3
150.3
153.4
150.4
149
151.4
152
151.6
152.2
150.9
149
151.6
149.8
153.2
154.4
157.6
157.2
157.4
157.9
154
151.6
154.5
153.6
154.7
155.2
155.5
156
152.9
150.9
150.1
150.6
151
152.6
150.4
151.2
149.9
151
154
153.9
154.6
151.5
153.5
153.5
152.9
151.3
153.5
154.6
154.8
153.1
153.3
154.2
154.8
152.6
152.1
151.7
150.1
148
145.8
142.8
143.7
147.2
146.7
149.2
147.9
148.7
151.4
151.1
151.7
150.7
151.7
152.5
155.2
154.9
153.6
153.7
153
153
152.5
152.5
152.4
150.1
151
150.7
149.8
152.8
154.3
156.8
158.7
165
166.5
163
160.8
162.1
160.6
163.9
164.7
166
165.8
166.3
165.9
166.8
165.3
165.2
165
165.3
163.2
164.3
163.8
163.6
165.1
165.3
165.6
166.6
163.7
161.3
158.1
161.4
162
159.3
163.5
164
161.4
160
157.9
161.6
161.1
159.5
160.7
161.3
163.1
162.6
162.9
163.3
163.6
165.1
167.5
167.8
166.8
166.4
170.2
168
165.5
162.7
162.2
163.3
157.5
156.3
158.3
156.9
153.9
152.8
151.4
149.7
148.9
147.3
140.7
140.2
131.5
138.6
137.2
138.5
143.3
141
138.7
136.4
128.8
126
125.4
126.5
129
126.7
126.2
128.9
131.9
135.5
136.5
132.1
126.1
120.5
124
122.9
118.1
118.3
119.5
123
126.3
125.8
121.2
121.9
121.5
116.3
115.4
115.8
121.2
119.4
123.1
118.8
116.5
112.4
115.6
119.9
121
125.2
125.3
129
127.4
128.7
127.1
126.8
124.5
121.9
125.2
128.8
128.3
128.7
128.7
128.1
123.8
118.9
121
124.1
125.8
122
123.6
121.2
120.9
124.2
123.2
124.1
125
122.9
121.4
116.8
116.4
115.5
117.4
117.7
122.5
123
127.9
127
126.9
127.8
127
127.2
125
126.7
124.8
126.7
123.6
124.1
123.2
123.4
125.5
125.5
126.2
128.2
127.8
128
128.6
129.5
133.9
135.7
134.7
134.9
134.4
135.9
137
139.5
139.2
140.8
142
143.1
144.5
143.2
144.7
140.9
141.7
144.2
143.4
140.3
141.8
146.1
146.2
146.7
146.1
143.6
143.4
144.4
143.6
143.8
143.1
145
140.4
141
140.4
139
138.4
137.8
137.9
137.1
137.4
135.8
136.6
137.5
136.7
132.8
135
136.3
137.1
138.2
139.5
141.1
142.4
140.9
141.2
139.2
138
136.2
137.3
137.6
136.6
134.9
133.2
135.8
136.8
136.7
133.6
132.8
132.7
132.7
135
132.1
133.6
137.4
136.2
136.5
138.4
133.7
136.1
131.3
128.2
127.5
123.8
122.6
122.2
121.4
121.6
119.5
118.5
119.3
118.3
116.5
117.6
117.8
115.7
116.8
119
116.1
116.8
116.8
117.2
118.3
117.1
113.8
113.1
111.6
112.3
117.3
115.3
115.6
115.9
113
112.4
111.4
112.6
114.9
115.1
114.8
109.9
109
110
109.7
113.1
113.5
115.3
114.6
114.3
113.4
112.4
112.1
112
111.4
112.9
114.5
114.2
112.1
112
112
110.2
110.9
111.4
117
119.6
118.9
119
118.4
116.8
120.9
121
121.5
120.6
119.9
119
119.6
119.8
119
119.7
120
120.2
119.6
117.8
117
116.4
116.3
114.2
115.8
115
115.5
117.2
115.6
115.9
120.7
123.8
123.8
125.3
126.3
127.8
131.5
131.1
129.4
129.2
127.8
128.5
128
127.2
124.9
124.6
123.7
125.9
127.2
128
128.2
129
128.1
126.8
125
127
127.2
126.6
127.9
129.5
129.8
128.2
129
126
126
124.6
122.7
121
121
119.8
122
124.1
121.9
124.2
122.5
122.8
123.7
123.3
123.2
122.5
121
119.7
122.3
122.3
123.2
124.4
125.1
124.6
126.2
127.1
130.1
130
129.7
130.2
130.5
131.6
132.6
133.1
133.3
134
135.3
136.6
136.3
136.6
136.1
135.1
135.7
135.2
134.1
138.1
136.6
137.4
136.2
136.8
139.2
139
139.3
137.1
136.1
137.8
138.8
137.8
137.1
136.2
137
137.1
137.2
137.1
137.2
137.9
136.9
137.7
133.5
134.6
134.8
134.4
135.3
134.4
133.9
135.1
142.3
143.8
144
145.1
146.6
146.3
148.1
146.3
144.9
146.9
147.6
146.4
145.3
146.9
146.5
146
145.9
145.8
145.2
146.3
147.7
148.7
147.1
146.4
148.1
146.5
146.5
147.2
148.3
147.3
148.1
147.9
146.8
145.1
142.1
140.4
141
144.5
144.5
144
142.3
142.5
140.1
140.1
139.7
137.8
144.2
148.6
151.1
149.4
147.3
145.8
148
148.3
148.2
148.2
147.4
148.5
149.2
148.1
148.6
148.9
149.9
149.1
146.9
148.1
147.6
148.8
147.3
146.8
147.2
145
145.4
144.2
144.2
144.9
143.6
142.4
141.7
140.9
145
146
144.5
142.8
140.6
141.6
143.9
146.1
146.5
145.8
144.6
143.9
145.7
146.2
147.1
147.6
147.8
149.9
149.8
150.4
150
149.3
150.1
149.8
148.7
147.2
148.9
145.1
143.1
142.6
144.7
144.1
146.8
146.5
146.1
145.7
144.5
145.2
146.1
147.3
146.9
146.4
147.1
145.9
145.4
145.8
146.5
147.1
147.4
144.8
143.6
142.5
141.8
142.6
143.3
145.1
146.2
147.9
147.7
148.8
150.1
150.7
149.8
151
150.3
151.1
152
152.6
151.6
153.2
153
153.1
152.6
151.3
150.6
149.8
149.1
149.3
149.6
148.6
146.9
150.5
151.1
150.4
151.7
150.8
148.8
151.8
153.6
156
156.9
164.2
163.5
163.6
163
164.9
165.4
163.5
164.2
163.6
165
165.2
165.2
165.4
166.3
165.8
167.9
167.8
168.7
167.6
166.5
166.3
167.2
167.2
167.3
168.4
167.7
168
166.6
162.5
161.8
162.1
164.6
165.8
164.2
164
161.8
161.7
164
162.9
164.9
168.1
169
170.8
172.3
170
169
170
168.1
169.1
169.3
169.8
175.7
175.7
172.5
165.7
166.5
163.4
162.1
163.4
163.7
163.5
162.9
