high
378.49
378.54
376.5
373.07
373.95
375.2
372.7
377.83
379
383.8
384.45
385.35
385.78
385.5
388.32
386.48
386.19
388.83
387.05
385.71
387.73
388.64
390.62
388.65
390.1
393.26
393.62
393.33
391.55
391.52
388.99
394.66
397.57
397.21
399.17
399.45
397.3
396.8
397.13
401.25
400.63
384.83
383.56
381.03
378.29
377.06
380.69
387.28
389.79
391.27
389.03
383.56
380.14
382.81
386.8
389.1
393.02
398.88
398.31
397.4
396.85
395.53
396
397.78
399.91
406.18
407.49
405.34
410.3
412.02
408.92
411.37
415.32
416.21
415.65
413.34
417.47
417.38
415.97
411.9
415.43
413.82
414.57
414.25
413.27
413.7
415.79
416.67
409.07
406.67
406.83
408.79
410.11
410.53
414.02
416.32
414.65
417.79
419.36
416.36
417.77
418.74
416.56
420.4
424.1
424.81
423.01
420.16
406.94
417.05
412.68
408.04
415.01
418.16
419.92
420.53
419.26
417.27
409.69
408.14
406.6
410.78
411.61
410.54
415.83
417.92
418.19
417.72
421.13
423.7
419.14
425.99
429.66
428.38
427.27
424.44
425.86
424.76
421.62
422.79
415.75
413.35
401.39
399.76
404.29
404.13
402.68
402.35
395.71
395.57
401.45
401.53
391.03
389.53
391.55
386.31
382.3
380.1
383.27
381.89
385.35
390.11
392.7
394.05
389.65
385.62
390.14
393.67
395.94
396.62
397.26
390.94
387.05
378.37
379.6
381.56
386.27
385.78
380.86
380.21
392.32
392.23
390.09
389.34
385.43
385.24
391.64
391.79
394.47
398.7
399.07
398.93
403.42
404.34
404.1
406.04
409.09
407.8
406.2
402.16
393.79
392.94
385.93
380.02
381.57
383.18
382.21
382.87
383.64
382
384.15
385.66
379.9
375.84
379.63
379.95
373.1
373.58
365.1
364.27
367.92
363.96
356.79
357.78
351.06
346.82
343.22
342.57
350.4
345.64
353.75
357.25
360.73
361.14
358.38
358.14
364.16
364.35
368.44
368.5
368.95
367.06
360.51
357.26
350.49
348.07
348.95
350.93
353.19
352.41
352.25
346.69
343.5
334.59
336.59
333.3
329.57
322.19
326.83
326.18
318.42
318.8
317.14
310.09
309.17
311.97
312.79
317.11
312.69
312.38
312.06
310.39
320.12
322.88
320.02
311.19
311.22
305.43
302.28
310.81
311.76
317.09
313.95
316.38
320.6
317.66
319.76
316.63
319.03
324.95
326.29
326.78
321.96
319.23
318.02
315.09
314.61
310.93
306.65
309.45
314.34
312.57
312.96
302.44
304.95
298.36
307.19
306.94
313.15
313.22
312.86
321.81
326.06
326.03
322.31
324.41
324.18
321.1
319.58
318.39
311.97
311.48
316.59
317.15
318.95
319.43
315
316.12
316.98
322.86
325.2
324.04
319.35
326.4
325.36
326.47
329.89
329
329
325.94
328.11
328.3
328.83
332.52
334.78
334.77
328.71
329
328.56
323.79
324.87
325.55
324.98
325.89
324.7
323.27
322.83
320.37
317.58
310.11
309.4
305.42
305.65
307.68
310.16
310.49
303.59
301.39
297.08
293.66
293.53
284.94
280.35
279.25
278.17
274.63
274.69
274.66
274.56
274.91
273.74
270.43
268.06
265.51
265.08
275.62
280.75
282.77
282.42
282
281.44
274.9
273.9
272.28
277.37
278.07
276.69
275.17
279.88
284.03
286.27
283.73
288.61
289.49
287.28
282.89
283.91
284.1
282.2
273.47
272.86
278.63
278.72
276.67
277.03
281.94
283.07
286.26
283.31
273.3
278.52
277.37
272.08
269.96
270.97
270.67
262.83
261.95
251.95
270.26
270.55
264.99
261.43
265.13
264.94
260.43
249.13
249.74
250.4
248.74
247.68
234.54
224.07
218.53
208.49
214.91
229.41
220.34
209.97
208.57
210.43
215.52
210.82
203.99
198.78
186.78
185.57
194.23
204.74
203.52
210.54
224.63
224.5
220.26
214.15
220.92
214.32
207.19
200.22
204.61
199.68
196.59
194.95
184.83
184.24
193.23
198
196.28
198.28
198.98
197.27
194.67
197.06
202.46
196.56
204.17
211.65
211.23
211.17
207.87
206.56
204.85
208.53
207.3
206.5
204.05
202.44
203.55
204.59
214.45
217.33
217.62
216.55
214.93
212.25
207.61
205.81
197.57
198.16
198.58
194.9
192.45
194.94
189.94
194.03
194.07
199.6
198.6
195.18
192.3
192.92
200.08
199.05
207.58
212.78
212.34
210.9
208.89
211.54
211.85
210.43
203.02
204.68
204.23
199.81
194.07
195.87
199.05
198.38
197.48
191.97
194.3
194.24
189.4
188.18
198.45
203.87
203.76
208.03
206.3
206.27
206.43
209.59
206.97
205
206.82
204.91
204.11
204.93
201.43
200.14
206.71
217.37
221.01
222.1
218.22
217.23
220.26
229.86
227.94
230.53
237.09
237.52
228.88
237.12
239.18
241.26
241.91
241.52
238.76
241.4
243.49
244.96
250.54
255.19
254.18
251.21
248.77
243.17
237.33
240.14
244.12
250.21
247.28
245.89
242.66
242.39
244.54
241.8
244.65
250.32
250.04
249.2
243.36
244.9
241.66
241.85
247.18
250.94
251.34
248.87
247.3
245.64
242.57
242.27
235.97
241.87
242.26
244.27
247.99
247.91
250.33
250.12
245.68
243.9
244.34
241.76
242.06
239.47
241.7
244.04
251.55
253.42
257.91
260.07
261.48
261.48
267.21
267.36
268.04
264
262.95
269.05
269.93
274.11
273.73
272.45
271.4
274.39
274.01
274.45
270.46
276.52
275.6
270.57
270.83
270.07
274.63
282.34
285.05
284.01
284.18
280.5
284.24
283.27
280.8
274.64
274.01
275.97
279.67
281.16
285.3
286.93
285.62
285.09
285.77
287.57
289.27
287.39
286.05
287.29
289.01
287.39
282.75
285.26
285.68
284.63
282.07
274.84
274.85
279.23
279.57
280.12
282.18
285.73
285.27
289.94
291.9
292.55
294.6
296.44
294.39
292.21
293.44
292.73
290.74
290.68
291.43
294.67
293.68
289.92
291.9
295.41
295.68
298.7
299.17
301.43
303.75
302.39
304.15
303.49
303.58
301.78
299.55
304.46
304.5
304.35
302.64
298.54
300.11
299.61
302.14
303.02
304.79
304.52
305.58
300.53
298.83
300.71
301.53
300.58
300.78
299.91
297.92
297.75
301.11
302.18
303.16
303.27
303.28
304.53
306.42
307.2
308.69
312.01
310.34
307.91
310.92
311.27
308.94
309.94
309.96
307.09
303.76
303.12
299.08
302.13
304.85
302.53
305.72
307.51
308.74
308.75
301.2
328.57
300.4
304.58
300.46
300.95
295.87
295.08
313.97
299.36
303.6
303.92
303.4
299.6
300.78
300.01
305.47
307.5
310.25
311.75
315.36
317.15
317.15
319.39
319.44
322.68
321.93
323.07
325.41
323.77
324.89
325.31
326.28
327.11
328.07
326.36
328.19
327.54
325.59
329.27
332.52
332.56
331.61
332.61
333.97
333.19
334.31
334.3
336.81
332.17
335.06
335.26
332.33
337.22
340.72
338.07
332.99
333.93
334.68
334.36
335.49
325.13
318.33
305.32
315.66
314.62
317.76
318.65
314.54
315.6
313.75
308.82
301.27
303.54
295.1
301.57
307.55
310.72
309.78
309.69
311.29
317.62
318.43
310.74
308.86
311.84
318.38
319.78
322.79
326.06
327.85
327.7
328.59
332.46
331.49
331.13
328.23
320.58
317.47
314.12
312.16
309.17
308.44
314.84
318.12
320.47
320.43
321.91
329.55
331.38
330.99
329.35
324.05
323.12
327.04
330.56
331.16
330.74
332.44
332.15
330.33
329
334.95
334.89
335.13
337.98
337.73
336.07
334.51
331.1
325.5
324.6
326.29
330.05
330.85
331.07
326.08
321.87
318.18
316.26
315.46
318.66
320.43
316.16
327.04
327.2
330.13
329.58
328.63
331.28
333.99
335.28
338.43
339.39
340
339.33
340.94
341.73
344.05
343.5
341.73
343.67
345.24
343.96
343.85
346.14
344.35
342.08
344.71
345.75
344.07
342.47
344.64
344.17
349.59
350.47
348.32
347.19
350.05
346.45
352.07
351.85
351.33
349.05
349.85
347.83
343.4
345.07
345.84
347.06
350.67
350.04
349.42
351.63
350.93
350.02
346.89
348.66
348.46
343.76
349.07
350.08
352.52
347.85
347
349.75
350.41
352.48
348.52
356.41
360.21
361.43
361.62
364.19
362.35
362.82
359.46
363.56
365.5
366.43
366.47
366.3
367.56
370.11
370.88
369.41
369.38
369.74
370.88
370.95
375.82
377.13
373.45
373.06
371.68
375.25
376.46
377.17
374.94
375.31
375.87
376.19
367.9
367.51
368.27
367.3
373.04
372.59
370.97
365.67
367.32
366.58
362.69
363.37
364.55
363.8
361.55
360.76
362.06
364.12
361.52
359.93
359.7
356.07
357.95
354.76
352.44
352.27
355.26
359.62
360.4
354.55
356.32
359.69
361.11
361.29
363.82
361.73
354.31
352.27
343.65
346.08
345.03
350.35
354.61
355.63
356.51
360.82
361.7
362.59
362.29
365.55
365.37
367.7
369.51
368.76
370.84
370.07
369.55
368.68
365.87
364.78
363.23
361.82
360.75
360.14
365.3
366.06
369.03
371.42
371.36
372.66
373.73
372.28
371.55
368.74
370.85
371.43
373.51
375.43
373.19
373.82
374.35
374.29
371.21
372.47
373.55
368.42
365.57
366.08
367.43
366.07
367.27
368.69
369.4
362.12
361.89
359.25
354.72
353.7
348.58
351.97
350.79
342.6
345.72
338.92
345.25
346.11
338.75
338.62
342.7
349.09
354.69
355.12
357.69
357.78
357.78
360.46
361.85
354.51
348.58
351.58
350
343.92
342.52
340.51
346.04
345.85
347.79
345.64
345.09
342.64
339.41
338.57
344.04
328.5
318.14
314.79
303.79
298.08
291.12
299.07
294.25
301.81
305.69
304.69
304.06
298.82
282.34
285.36
288.04
294.21
293.83
286.34
292.87
295.73
304.16
304.84
303.4
289.35
284.66
290.36
292.55
290.25
280.4
279.29
282.45
291.54
294.97
288.1
289.21
289.11
279.81
275.27
276.78
288.31
288.8
289.93
288.83
283.34
277.45
279.67
286.1
290
294.02
295.08
298.39
300.07
298.64
302.1
296.11
297.02
296.11
300.1
304.64
306.84
309.53
319.22
321.79
317.13
301.55
300.84
307.72
309.2
306.82
306.72
305.78
299.05
305.32
307.53
301.88
302.7
298.97
295.07
291.12
285.45
284.18
281.84
279.04
288.45
290.5
304.67
304.57
304.54
307.82
306.36
306.7
305.37
301.39
297.65
299.62
297.44
294.94
294.14
294.69
298.2
302.49
301.7
305.12
306.3
304.87
303.73
307.04
312.65
317.26
316.34
313.84
312.88
316.55
317.41
320.54
320.19
317.85
321.59
322.34
325.79
325.63
326.76
326.04
323.69
329.29
329.8
325.93
327.69
333.85
335.51
339.34
338.02
338.02
339.57
339.25
336.39
338.63
338.54
340.7
341.7
345.46
348.73
349.04
347.45
344.88
344.97
343.83
345.18
347.49
347.24
346.79
345.39
342.58
335.05
342.02
343.91
343.55
346.86
350.22
350.95
352.68
351.56
349.63
347.66
343.7
340.26
346.19
348.27
344.43
340.16
338.52
342.31
343.07
338.35
332.61
326.55
325.84
331.48
330.9
330
334.53
332.78
331.68
332.05
329.95
325.16
329.17
330.94
332.75
333.63
336.8
334.1
330.41
324.3
323.31
322.78
322.92
323.84
321.74
318.83
312.72
304.92
307.16
315.37
311.84
309.96
312.07
313.61
315.74
313.67
311.56
308.24
300.19
300.57
310.25
306.6
313.65
308.7
310.99
304.14
305.58
309.27
311.35
315.47
315.21
310.71
307.07
307.94
308.73
315.97
319.18
322.14
322.81
324.41
321.13
317.85
320.18
318.81
316.98
320.16
321.5
322.51
320.6
325.76
326.57
319.19
317.91
320.05
325.08
327.75
329.06
330.21
329.31
332.08
332.54
333.3
332.32
332.88
334.77
333.93
332.91
333.86
332.03
331.72
335.71
336
333.98
331.51
330.28
325.78
327.49
325.93
323.34
321.54
322.9
324.05
323.55
321.1
327.74
331.51
331.3
332.13
335.2
334.87
344.29
342.62
340.61
341.12
339.22
340.42
338.6
340.2
337.55
336.59
335.93
335.92
336.73
335.02
335.18
339.31
336.5
335.26
331.71
330.64
329.21
330.34
331.57
332.8
334.42
333.88
332.35
330.29
326.18
328.18
328.58
328.15
329.04
330.5
330.38
332.07
331.6
333.65
335.12
330.66
329.01
328.27
326.85
327.47
324.31
323.47
326.04
327.38
327.72
329.71
332.54
333.15
333.49
332.01
336.71
338.44
340.22
338.51
340.37
342.33
341.75
343.12
344.15
344.36
342.75
341.31
342.54
344.39
344.76
344.68
344.34
345.85
345.83
351.52
351.84
353.48
353.73
352.64
351.54
352.08
352.45
354.24
353.12
352.53
354.65
355.74
356.86
356.75
356.54
358.08
361.07
362.39
361.92
364.82
366.9
366.27
366.35
364.94
366.9
365.77
365.87
366.56
366.7
370.08
369.87
371.11
370.92
373.54
375.8
373.8
376.69
378.07
372.06
373.58
375.32
376.2
375.45
379.41
380.23
378.67
380.62
380.23
380.28
377.66
381.11
380.53
378.09
377.39
375.71
373.9
373.22
376.51
373.97
374.41
375.75
378.03
378.02
375.6
370.75
368.48
368.43
372.74
373.74
372.63
370.76
367.25
365.57
360.67
359.94
361.4
366.29
367.77
373.95
373.52
374.66
374.52
377.91
377.84
380.13
385.31
384.94
384.1
385.79
388.26
389.58
390.83
390.55
393.01
386.12
384.99
385.48
389.58
387.48
384.85
384.11
382.82
382.25
378.2
375.8
375.47
373.63
373.68
368.54
371.9
374.48
375.02
373.96
365.78
356.21
356.42
360.66
365.06
366.14
365.75
366.25
363.39
370.21
372.61
372.79
375.18
375.83
380.48
382.13
383.63
382.96
382.88
383.94
383.87
384.61
383.96
387.15
387.16
388.3
387.88
388.6
389.39
392.15
393.19
393.36
393.82
390.63
392.84
394.19
395.66
396.38
394.79
393.95
394.62
391.98
392.65
390.7
391.52
392.51
390.66
385.62
386.07
386.37
388.84
391.4
392.95
394.87
394.9
395.26
400.67
402.39
402.16
400.76
404.67
403.89
403.87
408.6
407.37
407.18
405.9
404.38
403.96
404.52
398.97
401.19
399.9
400.6
398.04
395.58
394.51
393.16
398.15
399.94
398.3
401.68
400.15
401.13
405.58
408.46
410.65
409.35
410.72
408.88
409.76
408.43
408.88
407.05
406.22
406.55
406.62
408.03
410.47
408.21
409.12
409.25
406.53
408.86
410.71
413.26
412.24
411.2
409.02
411.21
413.54
414.23
415.82
417.24
416.83
415.49
414.08
408.68
407.56
406.39
407.75
407.48
406.05
402.76
401.59
404.01
405.5
406.59
414.09
416.89
420.27
424.42
424.37
424.2
423.68
423.96
425.11
426.29
427.24
432.56
432.58
433.25
433.9
432.95
429.73
420.43
421.3
424
418.21
417.41
