close
378.4
376.52
373.08
372.71
372.42
372.7
370.19
377.48
377.84
382.98
382.67
383.96
383.33
385.12
385.79
384.07
385.48
387.07
384.37
384.92
387.62
386.67
388.05
387.41
389.14
391.82
393.33
388.95
391.55
387.04
388.43
394.65
397.21
395.87
398.36
395.46
394.21
394.28
396.99
400.64
384.89
377.57
375.4
378.38
373.09
374.42
379.98
387.28
387.51
388.25
383.61
371.28
380.14
379.85
386.5
389.06
391.75
397.63
397.16
393.42
395.6
391.68
395.81
396.43
399.91
405.88
404.93
404.87
409.59
407.85
408.55
411.37
415.26
415.66
413.35
411.3
416.27
415.9
410.48
411.01
413.82
411.35
413.89
413.14
410.18
413.16
415.69
406.38
405.91
401.04
405.76
408.53
409.27
409.59
413.42
412.51
411.22
417.79
415.85
415.13
417.34
416.57
414.06
419.1
423.59
421.12
420.18
404.38
406.51
410.41
405.87
407.47
414.65
417.23
419.78
416.72
417.31
409.71
408.15
406.39
405.1
410.54
410.21
410.08
415.73
417.34
415.94
417.31
421.09
419.13
419.14
425.51
426.09
427.24
423.85
421.42
424.37
419.18
421.56
415.76
409.8
396.57
395.41
398.72
404.15
396.71
400.58
395.76
388.83
392.79
401.45
391.09
378.72
389.33
386.31
382.33
369.49
375.11
379.67
378.09
385.35
387.5
391.51
389.69
380.83
385.5
389.3
393.25
395.78
396.59
388.08
386.27
376.66
371.64
379.36
381.56
385.78
380.88
374.97
379.94
392.26
387.61
389.29
385.49
380.99
384.51
390.05
391.79
393.97
395.99
398.09
398.42
402.79
401.58
404.1
405.15
407.81
405.53
402.91
390.47
391.95
385.93
380.05
371.26
380.44
376.16
380.86
380.64
382.02
379.74
384.15
379.89
375.28
375.4
377.37
372.87
371.5
362.27
364.28
362.39
363.04
356.82
354.81
343.13
346.88
339.88
338.99
341.32
343.82
342.46
353.48
356.07
359.19
357.97
351.37
357.81
359.53
364.22
366.97
367.55
367.07
357.79
357.3
347.15
346.26
345.99
344.55
350.66
349.33
351.84
345.69
342.95
332.06
329.88
333.3
326.09
321.42
320.21
326.05
314.88
312.41
312.99
310.09
297.93
308.61
299.34
310.54
312.69
308.66
311.94
310.3
309.17
318.45
319.47
309.56
311.19
302.71
302.26
299.64
310.51
311.58
312.04
308.57
315.92
317.65
313.53
316.63
312.73
318.61
324.32
326.29
321.35
319.25
315.22
308.38
314.13
310.92
306.58
302.76
307.44
312.58
308.9
305.09
301.56
298.35
295.24
306.52
306.28
312.83
312.49
312.8
321.02
325.68
322.25
320.01
324.15
320.34
319.62
316.68
311.99
309.54
310.04
316.59
312.48
317.27
313.53
312.09
316.12
312.89
321.46
323.79
319.06
318.15
325.13
325.28
325.18
328.98
329
324.53
325.9
327.01
327.47
328.61
330.57
334.77
327.22
325.86
328.54
322.2
323.29
321.46
324.14
323.78
324.71
321.87
322.87
318.34
317.62
310.13
307.36
302.36
305.22
305.52
306.37
309.25
303.6
301.37
295.4
289.44
293.54
284.75
279.82
278.75
272.92
274.65
274.1
270.87
274.56
269.13
273.76
268.58
262.64
265.53
261.26
264.32
274.02
280.37
282.5
275.43
280.36
273.14
273.48
271.36
271.48
276.5
276.69
273.39
271.17
279.57
283.4
282.08
283.71
288.34
287.22
280.27
281.94
281.77
282.24
271.15
272.26
270.61
278.58
274.82
276.59
277.03
281.45
280.13
284.95
273.31
265.86
274.8
271.52
269.42
265.37
270.74
262.83
257.45
248.62
247.59
268.01
265.04
260.24
258.86
264.94
260.28
246.2
245.23
245.43
243.03
247.74
230.11
224.13
209.86
208.55
196.74
214.11
219.03
206.71
199.69
201.57
209.43
210.82
203.1
198.78
186.69
180.19
182.56
193.5
202.53
201.37
210.54
224.17
220.33
206.89
212.33
214.34
203.79
197.55
197.86
197.8
196.36
194.32
184.83
181.76
176.54
192.45
194.66
193.51
198.28
197.04
187.25
194.66
196.59
196.55
187.78
203.47
209.64
211.18
207.91
202.87
200.54
204.85
203.99
206.48
203.86
201.08
201.86
201.81
204.22
214.01
214.63
216.56
214.69
212.28
207.62
204.2
194.7
193.57
195.78
193.26
186.4
190.88
189.42
187.93
193.64
193.91
198.58
192.16
192.27
187.79
192.76
199.09
198.35
206.76
212.38
208.59
208.89
207.79
209.5
210.45
201.03
202.12
204.22
196.8
191.95
191.19
191.11
198.4
197.55
190.71
186.58
194.29
187.69
186.64
188.13
198.3
202.63
203.14
201.47
206.28
203.23
202.55
206.99
202.44
204.15
200.28
203.42
204.11
201.43
194.98
200.1
206.68
216.83
217.05
216.92
215.13
216.9
220.12
227.97
224.95
229.49
236.1
225.58
228.16
236.85
238.34
240.74
241.53
233.53
238.41
237.58
243.24
244.18
249.58
247.78
250.6
245.19
241.44
234.44
237.28
239.57
243.86
247.2
245.94
241.72
241.63
242.05
241.83
241.26
242.39
250.05
248.59
241.4
240.94
241.52
240.56
240.3
245.42
250.37
248.81
244.35
245.67
240.73
241.51
234.22
233.82
241.84
240.61
242.34
247.57
244.75
250.15
244.55
243.91
241.43
241.76
239.42
239.1
237.71
241
243.68
251.55
252.45
257.56
258.39
260.99
261.36
266.74
266.4
261.63
261.16
262.77
268.84
269.56
273.74
269.41
268.84
269.19
274.01
272.05
266.99
270.25
274.05
270.58
265.39
270.07
269.1
274.06
281.4
284.02
282.44
278.84
278.28
283.27
278.95
274.44
269.58
271.65
275.65
279.67
280.51
285.3
284.06
285.09
284.02
284.01
286
287.39
286.04
284.2
287
287.39
281.24
280.57
284.45
282.08
280.4
274.86
271.27
273.51
278.57
276.98
280.03
281.16
284.58
282.62
289.63
289.26
289.7
293.84
293.33
292.34
288.59
290.36
286.54
289.09
286.34
291.41
293.73
289.93
286.05
291.76
293.86
293
298.67
298.11
300.53
302.1
301.42
304.02
301.28
301.73
297.1
297.35
304.25
301.87
303.62
294.34
298.37
293.78
299.41
300.37
299.57
303.26
303.33
300.02
297.17
297.86
298.63
299.86
297.78
300.47
297.09
294.34
297.55
300.76
301.06
302.1
302.63
299.5
304.03
305.66
306.15
308.34
309.57
306.53
307.89
309.79
307.2
308.7
309.75
304.44
302.81
301.32
300.53
298.84
299.91
297.09
301.62
305.71
307.45
307.12
301.07
297.2
296.96
298.52
296.47
298.7
294.67
291.74
295.08
298.23
299.33
302.47
301.96
298.63
299.13
297.37
299.65
305.29
307.42
310.24
311.11
315
316.54
315.89
319.39
318.58
321.58
320.47
322.65
324.27
322.19
322.66
323.71
326.28
325.42
327.28
326.18
326.16
325.21
324.48
329.27
332.52
331.7
330.12
332.61
333.56
332.84
333.93
334.24
332.96
330.36
334.6
330.58
328.73
336.97
337.54
329.39
327.94
333.93
332.95
334.36
325.02
315.78
308.16
296.94
315.66
312.1
317.62
310.62
311.61
314.53
305.17
298.12
300.03
300.09
292.66
300.46
307.55
307.79
308.41
308.52
310.89
315.83
310.43
306.6
304.64
311.84
318.3
318.05
322.79
325.98
325.66
325.77
328.06
330.08
329.81
326.59
318.77
319.99
309.84
312.96
305.38
306.15
305.63
314.21
317.61
316.14
320.17
320.85
329.55
330.11
327.54
321.46
320.91
319.31
323.75
330.32
328.79
329.91
329.95
328.05
327.4
327.09
334.68
334.58
334.07
335.37
332.71
335.17
332.05
323.6
321.75
323.55
326.29
330.04
330.04
325.13
319.5
319.72
314.4
311.71
314.87
318.66
315.86
316.16
327.01
326.01
327.84
329.29
327.93
331.17
333.8
334.63
338.12
339.02
338.32
337.79
338.77
341.73
342.52
340.22
337.11
343.67
341.52
343.06
341.99
342.83
341.58
337.81
343.56
343.92
342
342.2
344.34
343.95
348.58
347.42
345.88
346.31
345.76
346.45
351.51
349.37
349.15
348.56
347.39
343.58
343.17
344.28
345.64
343.77
349.32
346.77
348.68
351.08
349
348.3
345.64
348.52
342.22
343.21
349.03
350.08
349.12
343.4
346.66
349.54
349.36
346.85
348.04
356.41
360.21
361.43
360.75
362.22
361.13
357.95
359.46
362.56
365.5
366.15
365.56
365.44
366.04
370.11
369.52
369.28
369.03
369.07
370.88
368.54
375.82
373.14
369.36
371.35
368.98
375.19
375.52
374.99
374.38
373.2
375.38
368.09
362.11
366.09
364.79
366.27
372.39
370.6
366.81
364.81
364.69
359.39
361.19
361.79
362.84
360.32
360.89
358.33
362.06
360.95
357.78
358.68
353.92
355.83
354.71
353.84
349.03
350.44
354.7
358.72
356.6
352.44
355.26
356.34
358.57
359.64
361.29
358.62
353.27
349.47
341.07
338.67
344.35
349.49
354.61
354.25
356.3
360.82
361.05
362.59
362.02
365.11
364.33
367.5
369.31
368.74
370.73
367.44
368.61
367.54
362.01
364.03
361.55
360.2
354.73
358.23
365.04
365.71
368.9
369.45
371.36
372.66
372.82
369.99
367.68
367.32
370.59
370.45
373.5
374.87
372.33
372.66
374.35
369.07
369.2
371.75
371.91
363.12
362.28
366.06
362.8
365.38
365.18
366.89
369.02
361.09
359.3
350.99
353.63
348.02
345.82
350.89
345.28
341.45
343.04
337.76
345.13
339.84
334.52
338.62
340.16
348.87
353.95
354.76
357.2
357.51
355
360.01
355.82
350
348.57
351.34
346.12
342.18
334.47
340.4
345.6
344.16
345.87
344.33
341.39
339.21
338.16
337.38
329.54
320.89
310.69
296.56
297.24
281.94
291.12
284.29
294.25
301.39
305.31
301.85
301.7
283.05
277.68
280.48
285.44
289.47
285.67
285.55
292.71
293.77
301.76
303.61
294.83
281.14
280.74
290.36
290.59
280.64
273.36
277.43
281.31
290.98
292.14
283.03
289.21
285.62
272.19
271.16
272.83
288.31
282.46
289.48
283.56
281.05
270.24
279.67
286.1
285.7
294.02
293.65
297.61
291.44
297.73
293.29
295.19
293.67
291.56
300.04
304.64
303.53
305.76
319.2
318.56
308.63
294.79
300.56
305.22
307.51
302.27
302.99
296.31
295.43
304.77
301.2
299.56
299.4
295
292.77
282.39
281.94
276.78
276.41
277.33
288.45
290.37
304.17
300.72
302.99
306.9
303.53
303.72
296.7
298.22
292.05
296.55
291.11
293.33
291.12
290.42
298.05
298.41
301.7
305.12
303.78
301.62
303.73
307.04
311.29
317.26
313.98
313.12
311.39
316.14
315.81
317.85
316.26
317.67
321.06
322.14
325.01
324.19
326.72
323.96
322.23
328.14
327.31
322.85
325.32
333.49
334.44
338.31
337.04
336.57
337
337.65
334.33
336.94
335.69
339.94
341.65
345.03
348.61
347.03
343.88
343.32
344.61
342.6
345.07
345.34
346.19
346.37
344.05
331.89
333.64
342.01
342.59
342.7
346.86
349.68
350.95
351.52
350.98
345.89
341.83
338.02
339.78
346.19
344.27
340.65
333.68
338.44
342.31
340.97
329.74
328.19
320.96
324.39
331.27
325.19
327.64
333.51
327.72
328.75
332.05
318.68
323.89
328.58
326.36
332.62
333.53
331.13
333.03
324.76
324.06
319.52
318.92
322.17
323.72
315.84
314.42
310.29
300.88
306.79
314.43
306.31
309.49
308.91
309.19
314.5
309.85
307.08
300.69
297.41
298.62
308.29
305.85
307.42
308.27
304.22
302.7
304.61
305.56
310.99
315.28
313.55
306.05
304.33
307.54
303.8
315.97
317.33
322.14
321.86
321.63
317.86
316.57
319.07
318.04
314.42
319.4
321.5
318.29
320.4
325.76
323.16
316.86
316.71
318.48
323.9
327.17
329.12
329.26
328.26
325.98
332.46
331.88
331.83
332.88
334.48
333.05
332.37
332.7
330.85
331.71
335.44
333.38
333.72
327.37
325.41
325.7
327.49
320.9
322.15
319.99
321.82
323.27
319.46
320.38
326.5
330.52
329.61
332.13
334.74
334.8
343.15
341.6
338.89
340.59
338.59
338.83
338.34
340.09
335.31
334.62
331.74
335.47
335.13
333.91
334.72
338.2
334.29
332.36
328.58
329.62
327.79
329.16
331.57
332.8
334.26
329.43
329.95
324.59
325.22
327.06
328.29
327.22
328.56
326.88
329.98
332.07
330.47
333.45
328.79
328.12
326.89
327.01
326.69
326.24
322.24
319.1
326.04
327.01
327.08
329.46
332.54
331.53
332.69
331.94
336.71
337.21
338.1
338.14
339.19
341.25
341.15
343.01
344.08
342.86
339.28
341.31
342.42
344.18
344.72
344.39
344.34
345.18
343.94
351.52
351.74
353.48
351.79
350.58
351.12
351.01
352.45
352.72
351.55
352.53
354.42
354.44
356.76
355.72
356.32
358.08
361.07
361.7
361.92
364.82
363.1
365.68
361.23
364.94
365.2
363.02
365.87
365.18
366.66
370.08
369.14
370.13
370.89
373.54
375.55
371.68
375.85
374.63
369.39
373.58
375.32
374.68
375.45
379.08
377.24
377.39
379.47
380.18
377.15
377.62
381.11
379.88
377.53
373.08
375.01
370.99
373.13
372.99
372.94
372.87
375.35
377.86
376.04
370.4
365.71
364.9
367.73
372.64
373.36
370.57
367.84
364.57
358.51
358.11
357.9
357.5
366.29
367.77
373.05
373.03
374.34
373.99
376.64
377.43
378.4
383.96
383.71
384.09
385.79
386.9
389.45
389.25
390.55
392.3
383.16
381.56
385.48
389.31
383.11
384.14
381.19
379.27
379.03
372.41
374.41
374.24
371.53
369.68
368.44
369.52
373.44
374.25
369.26
358.69
350.05
355.27
359.83
364.67
361.72
365.64
365.19
363.27
369.43
367.53
371.65
375.18
375.59
380.48
380.56
381.82
381.36
381.33
383.48
383.87
381.51
382.75
386.66
387.16
385.7
385.52
388.06
387.59
392.15
392.4
393.2
390.44
389.46
391.49
393.1
394.72
395.73
390.86
393.95
393.24
391.86
386.39
389.61
391.52
391.96
385.85
383.55
385.75
383.33
388.74
390.86
392.56
393.47
394.88
394.74
400.67
401.56
401.08
400.73
404.25
403.11
403.79
407.24
406.91
403.71
405.9
401.49
403.28
401.67
398.53
401.03
398.64
397.63
396.23
394.53
392.66
390.53
397.9
399.76
397.52
399.95
400.03
400.13
405.58
408.1
410.61
408.48
410.72
408.5
407.3
407.62
407.6
405.69
404.42
405.38
403.78
406.96
407.7
407.09
409
407.01
404.91
408.28
410.6
413.25
411.83
410.34
409.02
411.21
413.54
413.96
415.55
416.99
415.09
414.2
407.17
406.09
403.76
405.42
407.7
404.36
403.68
399.68
399.88
404.01
402.83
406.11
414.09
416.73
420.27
424.09
423.66
421.6
422.42
423.51
423.69
424.09
426.36
432.41
431.97
431.59
433.05
428.28
421.03
419.27
420.74
418.02
416.46
416.72
