low
374.29
374.53
370.79
369.97
371.34
372.44
368.38
370.19
376.45
377.84
381.91
382.53
381.86
382.07
385.12
383.06
384.03
385.41
383.57
383.56
383.09
385.8
386.69
385.9
387.39
389.15
390.63
387.01
388.96
386.39
386.79
388.44
394.62
394.76
395.87
393.97
393.5
394.21
393.58
396.99
381.48
374.2
368.95
373.56
364.8
373.08
374.45
380
383.16
386.56
383.61
371.28
371.32
377.82
379.9
384.09
388.99
391.76
396
392.99
393.45
390.43
391.9
394.96
394.16
399.93
403.31
403.43
404.75
407.12
403.66
408.55
411.05
412.63
410.94
406.74
410.81
414.4
409.25
408.02
410.74
409.47
410.84
410.49
407.85
408.95
413.03
405.17
402.39
401.04
396.14
405.76
406.38
408.16
409.58
412.2
410.47
411.15
413.82
414.01
415.13
415.89
411.94
414.07
420.45
420.09
418.92
402.89
397.46
406.56
404.16
402.23
407.71
414.25
417.23
416.2
415.82
408.98
404.2
403.41
401.86
405.12
407.39
406.81
410.26
415.39
414.86
415.08
417.3
417.28
415.02
418.54
424.58
425.81
423.4
420.7
421.4
419.18
418.13
415.75
409.63
396.02
392.9
395.33
398.88
392.48
396.73
394.79
387.64
388.86
393.08
387.32
375.8
378.75
385.65
378
367.37
363.95
375.14
374.44
378.1
385.35
384.94
389.46
380.66
376.27
383.38
389.01
393.24
392.14
388.07
384.52
375.26
370.95
371.66
376.7
378.97
379.06
373.41
373.49
379.98
385.56
386.4
385.49
379.1
380.99
384.75
388.88
389.15
393.98
395.41
395.15
397.9
400.63
400.07
403.69
404.93
402.12
401.76
387.03
389.05
384.84
379.57
369.08
371.3
374.94
376.18
376.69
380.66
378.3
377.76
376.52
373.89
372.84
375.42
371.41
366.09
361.24
358.57
357.47
359.15
354.82
351.88
341.52
338.57
338.29
337.47
339
341.37
339.12
340.77
353
355.95
357.21
349.92
351.29
356.04
359.54
362.4
364
361.44
357.1
353.99
347.04
344.91
344.22
344.4
344.56
349.11
347.42
345.25
339.82
331.62
326.82
329.29
324.82
319.45
318.11
319.35
313.76
307.83
311.74
308.94
296.6
285.06
296.72
299.41
310.6
304.18
308.66
308.59
304.35
311.16
318.45
308.34
305.89
302.06
298.11
297.87
298.53
303.8
311.12
307.55
308.55
313.55
311.88
313.54
311.49
312.74
318.62
321.42
321.35
316.82
311.7
306.76
308.4
310.23
304.23
299.92
300.58
307.48
303.91
303.75
293.55
295.85
294.44
295.29
304.13
305.97
310.89
307.17
310.6
320.72
320.91
318.83
320.03
317.94
316.81
311.6
310.16
307.46
307.73
310.05
310.9
312.5
312.56
311.95
310.93
310.23
313.13
321.47
318.1
317.41
317.77
322.6
321.73
325.12
325.79
323.22
323.58
323.83
323.88
324.53
328.61
330.58
327.09
325.17
322.33
322.19
322.15
318.38
319.75
321.19
323.75
320.71
321.25
316.15
317.09
309.52
305.65
301.26
301.1
301.01
304.01
306.37
302.74
300.5
295.31
286.45
289.34
283.7
276.95
273.94
270.91
272.92
266.95
269.85
270.48
267.04
269.14
268.2
262.08
262.68
257.16
258.96
264.33
272.09
276.24
272.5
275.46
272.74
268.44
271.29
266.82
271.47
274.34
272.86
270.84
271.17
279.57
280.83
278.55
283.76
285.99
279.46
279.28
280.42
280.87
271.13
269.71
268.73
270.62
274.41
272.55
272.68
275.07
279.39
278.39
273.26
265.51
265.91
270.46
268.13
263.16
265.38
258.25
253.74
247.6
245.52
247.64
264.91
256.98
257.98
258.26
257.77
245.56
237.89
244.1
241.97
239.76
228.24
223.39
206.77
208.09
191.21
196.62
214.17
205.95
196.6
197.58
201.74
209.47
201.45
195.01
179.44
175.27
178.64
182.6
193.54
200.44
201.41
210.55
217.98
206.39
206.91
212.35
202.8
195.88
194.61
196.3
194.28
189.54
184.81
177.42
174.87
176.43
189.39
190.33
193.52
193.48
186.79
182.45
191.11
194.6
186.26
187.8
200.13
206.16
205.73
199.28
200.18
200.12
201.63
204.02
203.25
199.77
199.36
201.05
201.81
204.24
213.81
214.63
211.64
211.5
207.24
201.99
193.56
191.26
193.62
191.28
185.74
184.24
188.71
184.5
186.97
190.31
193.91
191.55
191.21
186.3
186.36
192.39
194.36
198.17
205.52
207.7
205.34
204.07
207.8
208.1
200.55
197.79
200.29
196.75
191.64
188.77
190.66
191.12
194.32
189.81
186.21
186.66
186.85
185.52
182.51
186.71
196.27
198.23
199.7
201.51
202.66
200.69
201.71
201.4
200.12
199.89
198.37
201.24
200.62
194.15
194.98
196.83
206.53
213.53
215.37
213.03
211.47
216.91
220.01
223.88
224.42
229.5
224.72
221.1
227.84
232.52
234.57
236.41
231.38
233.55
237.31
236.86
241.24
243.49
246.9
247.71
242.7
241.41
233.52
230.33
235.42
235.68
243.87
244.59
238.91
238.47
236.14
240.63
238.59
241.25
242.4
246.7
239.82
238.86
240.96
236.89
237.96
240.27
245.19
248.37
244.02
242.55
239.18
238.67
233.65
232.42
233.82
237.98
240.61
241.86
244.19
244.75
244.14
243.37
239.3
241.06
239.36
238.43
236.87
235.69
241.01
243.67
251.32
252.44
257.12
258.29
258.01
260.31
263.89
260.41
260.24
260.86
262.55
266.71
268.58
268.61
268.11
267.74
266.17
271.17
266.46
265.55
270.24
269.36
264.04
265.4
265.99
269.12
273.46
281.41
280.36
278.33
276.39
278.3
278.13
273.54
268.02
269.42
271.62
275.66
278.97
279.12
282.19
283.65
280.21
282.94
284.02
286.01
283.06
283.52
284.17
286.7
280.8
279.52
277.37
281.91
278.98
274.55
268.88
270.67
273.51
275.96
277
279.39
281.14
281.84
282.62
288.83
289.26
289.61
292.3
288.58
286.73
288.64
285.9
286.53
284.36
283.87
291.42
287.42
285.37
286.05
288.67
290.95
293.02
296.9
298.13
300.27
299.9
301.94
301.07
301.39
296.61
296.26
298.77
301.56
301.21
293.96
290.46
292.34
296.66
297.11
299.5
297.83
301.28
298.64
296.06
296.81
298.33
298.92
296.01
298.16
296.76
293.64
294.82
298.06
300.57
301.21
301.79
298.17
300.31
303.64
304.71
306.36
309.1
305.95
304.96
308.92
306.44
306.87
304.86
304.36
302.22
299.36
298.34
296.8
296.32
296.59
297.16
299.95
304.91
306.12
300.92
296.5
291.92
295.78
295.03
296.41
292.84
290.74
291.92
296.54
297.26
297.16
301.34
298.43
296.77
296.51
297.31
301.46
304.18
307.13
308.78
311.14
315.29
314.14
314.86
317.65
319.02
320.15
320.33
323.33
321.74
321.92
320.76
324.06
322.74
324.86
324.77
325.41
324.99
323.21
325.85
329.41
331.22
327.77
330.25
332.8
330.07
332.02
331.86
332.04
328.66
330.48
330.58
326.23
329.71
337.54
329.39
325.28
327.77
331.75
330.13
324.93
315.78
307.03
292.45
306.67
309.21
309.86
310.37
307.48
312.87
305.02
294.3
294.44
296.28
290.62
295.03
301.22
306.93
307.75
302.63
305.26
314.43
309.92
304.82
302.49
304.77
309.65
315.06
319.86
321.19
322.2
323.72
326.15
328.96
327.15
325.85
318.46
316.21
308.97
308.8
303.79
305.73
305.23
307.15
309.76
314.82
317.25
318.36
320.93
327.86
325.76
320.93
318.55
316.67
321.61
322.6
326.85
327.52
329.24
327.38
326.92
324.19
328.41
333.1
331.8
333.95
331.89
332.82
331.04
323.18
319.38
319.5
322.63
326.5
328.45
325.04
319.05
317.59
311.63
308.18
313.18
313.06
313.83
311.43
315.72
324.83
325.65
328.12
326.29
325.69
330.04
332.86
335.35
336.67
336.55
336.7
337.49
338.39
341.64
338.33
335.16
336.54
341.52
339.22
340.45
340.63
340.4
337.72
335.86
343.39
341.42
340.48
342.27
340.03
344.6
346.85
344.71
343.88
345.58
343.84
346.17
349.37
348.58
346.51
346.89
342.96
340.41
342.06
343.57
343.44
346.75
345.63
347.03
348.27
347.92
346.97
343.4
344.28
341.04
340.68
344.7
347.68
348.23
343.04
341.53
346.69
346.82
346.09
345.14
348.12
355.6
357.2
359.47
360.77
360.32
357.24
357.9
360.4
362
363.62
364.54
364.07
364.58
367.36
369.03
367.67
367.65
368.59
369.33
368.53
368.65
373.14
368.68
369.74
368.04
369.83
375.13
374.16
371.54
371.75
374.17
367.58
362.11
362.78
362.45
365.26
367.56
370.6
366.81
362.71
363.42
356.77
358.11
360.33
361.76
358.94
359.86
357.01
355.9
360.95
356.22
357.89
352.37
352.42
353.4
350.55
346.82
345.58
350.75
353.86
356.6
352
353.37
356.18
354.75
358.42
360.21
357.8
353.27
348.9
334.51
338.67
340.46
346.5
352.43
352.08
352.83
355.23
359.34
359.67
360.11
363.8
363.75
363.97
368.51
367.43
367.63
367.25
367.08
366.71
361.33
362.41
359.81
359.42
354.22
355.69
360.6
364.49
364.91
367.67
367.78
369.84
371.58
367.84
367.21
365.1
364.63
368.42
370.81
373.33
370.93
371.92
370.47
369.06
368.92
369.93
371.09
363.12
362.28
359.47
362.56
362.83
364.32
366.3
366.71
361.09
359.18
350.99
349.62
347.11
345.13
345.87
344.64
336.94
338.2
337.7
337.82
339.84
333.95
333.12
338.93
342.22
349.67
350.78
355.03
355.82
354.06
355.65
355.44
349.33
341.24
347.18
344.51
341.65
333.65
333.41
340.5
338.15
343.55
342.77
339.18
338.09
335.13
333.57
328.76
320.6
309.94
296.56
283.6
281.54
268.8
280.95
281
289.1
299.87
295.5
296.64
282.42
270.06
275.1
281.64
284.02
285.52
279.58
286.99
291.44
294.39
298.15
293.4
280.53
277.25
285.13
286.8
280.35
272.47
270.97
274.58
282.21
290.89
282.85
281.11
285.49
272.19
262.14
266.32
275.59
281.64
281.63
281.47
276.41
267.26
270.44
279.94
284.01
286.19
290.91
290.05
290.75
291.9
291.57
289.45
292.91
289.85
291.94
300.09
301.05
302.86
306.11
316.91
308.63
293.43
294.05
295.71
305.53
300.56
302.43
293.45
290.28
294.84
300.16
296.4
297.45
292.57
291.52
282.13
280.2
276.45
273.69
272.44
280.07
285.58
286.59
300.07
301.95
303.38
302.02
299.85
296.65
293.97
292.05
290.96
290.58
289.34
290.5
289.07
288.79
296.98
298.57
302.34
303.41
300.86
301.04
303.54
305.56
311.97
312.84
312.17
310.75
313.15
314.75
316.41
313.7
313.73
318.85
317.83
322.66
322.99
323.29
321.04
320.34
323.2
326.15
320.98
324.43
324.96
332.13
333.79
334.44
333.4
336.29
336.09
332.24
335.9
335.04
337.32
336.68
343.09
345.57
346.32
341.58
340.6
342.22
339.33
342.69
344.67
342.77
344.12
342.62
331.33
331.12
336.17
340.48
340.88
345.54
348.1
348.36
350.09
349.26
344.76
340.58
336.17
335.37
339.01
343.61
339.76
332.76
335.25
335.79
340.8
328.46
326.72
320.96
321.02
324.04
324.52
323.78
326.48
327.01
328.23
327.56
317.73
320.62
326.29
325.08
326.01
331.88
329.2
330.16
323.03
318.68
318.95
315.55
318.46
319.53
313.08
313.49
309.09
300.6
300.76
309.34
305.92
305.33
306.51
306.84
310.66
308.86
305.23
297.84
295.96
297.61
304.37
302.55
307.42
305.32
303.26
298.74
303.63
303.33
305.54
310.23
312.45
305.71
303.38
304.44
301.9
309.56
315.93
318.03
319.27
319.01
317.86
315.86
315.77
316.45
313.31
315.31
319.18
317.54
315.92
321.61
322.18
314.32
315.1
314.91
316.21
322.26
327.17
327.51
327.16
324.98
326.35
331.3
328.48
330.02
332.18
330.66
330.87
331.41
330.44
330.01
332.4
332.58
332.24
326.3
324.3
323.32
325.14
320.9
320.7
318.54
318.88
320.73
318.62
317.66
320.62
328.13
329.51
327.64
331.34
333.36
339.72
341.02
337.86
339.33
337.68
338.23
336.32
336.33
334.6
333.94
331.56
330.92
333.49
333.04
332.75
335.32
333.88
332.31
328.1
327.03
327.26
327.44
328.98
330.68
331.73
329.43
328.64
323.25
320.48
323.9
324.72
325.92
327.01
326.87
325.69
330.09
329.87
330.45
328.79
327.38
324.42
326.23
323.27
325.44
322
319.04
321.32
325.11
325.45
327.51
328.75
330.56
331.76
329.77
333.45
336.33
337.5
337.15
338.82
340.15
339.9
339.69
342.11
342.59
339.28
339.89
340.29
342.86
343.46
342.83
341.46
342.91
343.61
347.74
350.43
350.62
351.79
350.32
348.92
350.56
351.15
352.3
351
350.52
352.31
354.13
354.56
354.51
355.14
355.5
357.57
361.04
360.17
362.55
363.1
362.73
361.08
360.24
363.48
362.51
363.17
363.85
363.83
366.83
367.63
368.75
369.68
370.55
373.2
370.43
372.19
374.1
368.89
368.56
373.08
372.12
371.98
376.66
377.21
376.96
378.47
378.68
377.14
375.3
378.82
379.12
374.07
372.97
373.73
369.88
368.64
371.98
372
370.44
372.82
375.41
375.41
369.53
364.16
364.19
366.18
367.8
371.97
370.16
365.58
363.87
358.33
356.6
356.96
357.5
358.06
363.7
367.08
370.75
371.78
371.99
373.11
375.83
378.05
382.69
382.75
382.14
384.57
385.52
386.29
388.4
387.34
389.82
380.83
381
382.7
386.84
382.77
381.57
379.75
377.52
378.56
371.91
369.46
373.59
370.18
369.5
363.36
368.79
370.27
371.63
369.24
358.44
349.69
352.19
355.44
359.76
361.47
361.6
362.63
359.88
364.7
366.82
369.07
372.68
372.72
378.64
380.56
381.36
380.82
379.51
380.58
380.84
380.57
382.26
383.83
384.08
384.84
385.03
386.32
387.27
389.33
391.28
392.2
389.93
388.54
390.57
391.88
393.44
394.92
389.03
389.73
392.82
389.54
386.39
386.52
389.23
389.27
385.17
381.3
384.17
383.31
385.59
387.86
389.5
392.49
392.06
393.03
396.62
400.17
400.21
399.39
403.12
402.94
402.38
406.35
406.31
403.28
403.83
400.75
402.82
400.9
396.68
397.91
397.32
397.25
395.94
392.37
392.25
390.07
392.43
398.48
396.33
399.04
396.24
398.17
401.25
406.18
408.46
407.87
408.38
406.87
406.69
406.52
406.75
404.88
403.44
405.1
402.98
404.32
406.22
405.12
407.68
406.75
403.5
407.04
408.87
410.01
410.9
409.15
406.77
409.29
412.34
413.13
413.86
415.68
415.09
413.56
406.62
403.47
403.76
402.4
405.18
403.29
403.12
399.17
399.16
399.7
402.73
404.26
409.67
413.04
417.07
421.84
422.01
420.66
420.72
422.39
423.29
423.49
425.27
430.5
431.48
431.3
431.7
427.75
421.03
416.55
418.05
414.59
414.35
413.46
