open
374.47
378.4
376.52
373.08
372.71
372.42
372.7
370.19
377.48
377.84
382.98
382.67
383.96
383.33
385.12
385.79
384.07
385.48
387.07
384.37
384.92
387.62
386.67
388.05
387.41
389.14
391.82
393.33
388.95
391.55
387.04
388.43
394.65
397.21
395.87
398.36
395.46
394.21
394.28
396.99
400.64
384.89
377.57
375.4
378.38
373.09
374.42
379.98
387.28
387.51
388.25
383.61
371.28
380.14
379.85
386.5
389.06
391.75
397.63
397.16
393.42
395.6
391.68
395.81
396.43
399.91
405.88
404.93
404.87
409.59
407.85
408.55
411.37
415.26
415.66
413.35
411.3
416.27
415.9
410.48
411.01
413.82
411.35
413.89
413.14
410.18
413.16
415.69
406.38
405.91
401.04
405.76
408.53
409.27
409.59
413.42
412.51
411.22
417.79
415.85
415.13
417.34
416.57
414.06
419.1
423.59
421.12
420.18
404.38
406.51
410.41
405.87
407.47
414.65
417.23
419.78
416.72
417.31
409.71
408.15
406.39
405.1
410.54
410.21
410.08
415.73
417.34
415.94
417.31
421.09
419.13
419.14
425.51
426.09
427.24
423.85
421.42
424.37
419.18
421.56
415.76
409.8
396.57
395.41
398.72
404.15
396.71
400.58
395.76
388.83
392.79
401.45
391.09
378.72
389.33
386.31
382.33
369.49
375.11
379.67
378.09
385.35
387.5
391.51
389.69
380.83
385.5
389.3
393.25
395.78
396.59
388.08
386.27
376.66
371.64
379.36
381.56
385.78
380.88
374.97
379.94
392.26
387.61
389.29
385.49
380.99
384.51
390.05
391.79
393.97
395.99
398.09
398.42
402.78
401.55
404.12
405.15
407.8
405.52
402.16
390.47
391.96
385.93
380.05
371.26
380.44
376.16
380.86
380.64
382.02
379.74
384.14
379.9
375.29
375.4
377.37
372.87
371.5
362.26
364.27
362.42
363.02
356.79
354.79
343.14
346.82
339.91
339
341.37
343.82
342.47
353.5
356.08
359.22
357.98
351.41
357.83
359.54
364.22
366.98
367.54
367.06
357.8
357.26
347.15
346.26
345.99
344.56
350.66
349.31
351.91
345.7
342.95
332.07
329.93
333.3
326.1
321.43
320.24
326.07
314.87
312.43
312.97
310.09
297.91
308.65
299.41
310.6
312.69
308.66
311.95
310.29
309.15
318.45
319.46
309.55
311.22
302.76
302.28
299.66
310.52
311.61
312.05
308.57
315.94
317.66
313.54
316.63
312.74
318.62
324.32
326.31
321.32
319.23
315.22
308.4
314.13
310.93
306.65
302.76
307.49
312.57
308.91
293.55
301.48
298.34
295.29
306.52
306.27
312.84
312.54
312.8
321.02
325.69
322.28
320.03
324.18
320.35
319.58
316.69
311.97
309.56
310.05
316.59
312.5
317.31
313.54
312.09
316.13
313.13
321.47
323.79
319.07
317.77
325.12
325.25
325.19
328.97
329
324.5
325.91
327.01
327.48
328.61
330.58
334.77
327.21
325.84
328.55
322.19
323.32
321.47
324.13
323.75
324.7
321.88
322.79
318.34
317.58
310.11
307.37
302.35
305.14
305.55
306.37
309.12
303.57
301.31
295.4
289.42
293.53
284.73
279.81
278.75
272.92
274.49
274.1
271
274.56
269.14
273.74
268.5
262.68
265.51
261.29
264.33
274.02
280.32
282.42
275.46
280.34
273.14
273.48
271.36
271.47
276.45
276.69
273.39
271.18
279.57
283.35
282.07
283.76
288.36
287.22
280.3
281.99
281.73
282.2
271.16
272.26
270.62
278.61
274.81
276.57
276.98
281.45
280.83
282.38
273.3
265.91
274.81
271.52
269.39
265.38
270.67
262.83
257.48
248.56
247.64
268
264.99
260.23
258.85
264.94
260.3
246.17
245.29
245.44
243.03
247.68
230.12
224.07
209.88
208.49
196.62
214.17
219.09
206.7
199.76
201.74
209.47
210.82
203.09
198.78
186.72
180.21
182.63
193.54
202.52
201.41
210.55
224.17
220.26
206.91
212.35
214.32
203.67
197.36
197.91
197.8
196.32
194.27
184.83
181.7
176.55
192.44
194.66
193.52
198.31
197.03
187.25
194.66
196.55
196.56
187.8
203.46
209.66
211.17
207.87
202.86
200.56
204.87
204.02
206.44
203.87
201.06
201.83
201.81
204.24
214.05
214.63
216.55
214.69
212.25
207.61
204.2
194.7
193.62
195.77
193.26
186.49
190.89
189.4
187.94
193.65
193.91
198.58
192.15
192.27
187.79
192.7
199.05
198.34
206.75
212.34
208.59
208.89
207.8
209.48
210.43
201.09
202.13
204.23
196.78
191.9
191.18
191.12
198.38
197.48
190.71
186.68
194.18
187.68
186.63
188.08
198.13
202.58
203.16
201.51
206.27
203.24
202.56
206.94
202.45
204.15
200.27
203.42
204.1
201.43
194.98
200.08
206.68
216.8
217.05
216.91
215.09
216.91
220.14
227.94
224.97
229.5
236.08
225.55
228.17
236.85
238.34
240.69
241.52
233.55
238.32
237.56
243.24
244.18
249.59
247.79
250.65
245.18
241.44
234.45
237.29
239.56
243.87
247.19
245.89
241.75
241.66
242.06
241.8
241.28
242.4
250.04
248.59
241.4
240.96
241.53
240.56
240.3
245.43
250.36
248.81
244.34
245.64
240.73
241.5
234.2
233.82
241.83
240.61
242.35
247.58
244.75
250.12
244.54
243.9
241.45
241.76
239.44
239.13
237.71
241.01
243.67
251.47
252.44
257.56
258.38
260.97
261.34
266.73
266.41
261.63
261.19
262.77
268.84
269.55
273.73
269.41
268.88
269.19
274.01
272.07
266.98
270.24
274.07
270.57
265.4
270.07
269.12
274.07
281.41
284.01
282.44
278.85
278.3
283.27
278.94
274.44
269.59
271.65
275.66
279.69
280.51
285.32
284.07
285.09
284.03
284.02
286.01
287.39
286.04
284.2
287
287.39
281.22
280.57
284.46
282.07
280.4
274.84
271.26
273.51
278.56
277
280.03
281.15
284.57
282.62
289.63
289.26
289.69
293.85
293.33
292.21
288.64
290.37
286.53
289.1
286.32
291.42
293.68
289.92
286.05
291.75
293.9
293.02
298.67
298.13
300.54
302.09
302.29
303.23
302.56
301.26
297.29
298.77
302.83
302.97
302.64
291.29
299.94
296.66
299.91
302.02
298.95
302.85
303.02
300.18
297.54
298.78
300.26
300.21
298.19
298.7
297.11
294.86
298.06
301.07
301.93
302.23
302.21
300.31
305.2
304.95
307.34
310.09
309.99
305.61
309.68
310.82
308.03
308.32
309.29
306.65
301.99
299.42
298.87
297.58
304.29
298.76
300.96
306.44
307.39
307.02
300.37
298.4
297.12
304.58
298.53
300.7
295.22
293.5
313.97
298.4
303.6
303.92
303.03
298.65
298.37
297.48
301.53
305.34
307.31
309.35
311.6
316
316.47
315.79
318.1
319.55
321.45
321.05
323.33
323.28
323.18
322.22
324.22
327.05
325.17
326.31
327.03
327.4
325.12
325.97
329.41
332.56
331.61
330.25
333.97
332.1
333.05
334.3
334.95
331.1
330.48
334.96
330
330.33
339.3
338.07
328.82
329.06
333.67
331.71
335.49
324.02
312.53
299.74
306.67
314.62
311.81
318.5
308.22
314.3
313.75
307.11
297.84
300.3
293.52
295.03
301.91
310.72
308.39
307.75
307.09
314.43
317.04
309.98
307.63
306.56
310.9
319.53
319.86
321.39
327.53
324.56
326.49
331.32
328.25
327.34
327.92
320.27
317.47
311.29
309.28
308.15
306.24
307.64
312.96
318.96
318.02
321.3
320.93
330.92
329.46
327.82
321.12
322.5
321.61
323.8
329.2
330.74
331.03
331.09
329.03
326.51
328.41
334.58
334.27
334.24
335.96
332.82
334.25
331.1
322.38
324.49
325.02
326.55
329.6
330.43
324.79
319.68
318.18
314.23
314.37
314.59
318.49
312.7
317.64
326.89
326.53
329.23
328.14
326.58
331.01
333.09
335.35
338.12
338.97
338.54
339.43
338.47
341.64
343.5
340.74
336.87
344.2
341.38
343.09
340.91
343
341.86
337.72
344.7
343.14
342.05
342.27
342.93
344.6
349.29
348.01
345.87
347.56
344.98
346.51
351.5
349.49
348.36
348.73
347.29
342.68
344.88
344.33
347.06
346.99
349.84
347.55
348.48
350.56
349.97
345.36
344.47
348.46
341.4
345.16
349.55
350.95
347.3
343.44
346.69
348.25
349.4
346.88
348.12
356.93
359.93
360.86
360.77
361.11
362.7
358.24
360.4
362.5
364.56
366.43
365.59
365.43
367.36
369.87
369.04
369.02
368.82
369.38
370.76
368.65
376.85
373.31
371.62
371.46
370.57
375.68
375.52
374.86
374.73
374.28
375.65
367.87
363.56
367.8
366.37
368.38
372.44
370.81
365.67
364.87
365.81
360.99
360.74
362.03
362.88
360.32
360.76
358.4
363.54
360.97
358.68
359.7
354.45
355.82
352.91
352.32
346.69
352.06
355.26
359.47
354.55
354.31
356.77
356.35
358.66
360.55
359.57
354.09
349.75
343.65
343.43
341.2
346.5
352.45
355.36
353.87
355.61
360.94
360.72
362.2
363.8
364.05
364.96
369.13
368.62
368.81
369.14
368.7
367.47
365.63
362.41
363.05
361.46
360.31
356.39
360.6
366.01
366.27
371.42
370.92
370.2
372.71
372.23
370.81
367.69
367.43
370.3
370.82
373.53
373.19
373.81
371.43
374.29
370.51
370.66
371.81
368.42
363.57
360.06
366.1
362.83
365.42
366.85
367.51
361.15
359.86
359.25
350.91
353.68
347.98
345.87
350.79
342.35
341.23
338.1
337.82
346.05
338.41
333.28
339.51
342.27
350.47
354.04
355.35
357.09
357.54
356.29
360.77
354.01
346.18
347.41
350
343.26
341.07
333.96
340.5
344.91
344.24
343.43
344.28
339.59
336.49
338.05
342.03
328.16
316.4
314.13
295.32
296.12
280.06
298.04
289.26
294.6
304.64
304.69
301.95
298.47
281.76
276.05
283.86
288.33
292.51
285.65
289.72
292.85
294.76
301.84
303.4
288.98
280.43
286.16
290.47
290.25
280.4
277.45
274.58
282.21
293.57
287.88
281.13
289.11
279.18
272.23
267.13
275.59
287.36
282.17
288.58
283.34
277.29
270.44
281.57
286.88
286.19
294
293.24
297.06
292.59
299.74
293.2
296.49
292.97
292.76
301.32
304
302.89
306.11
319.4
315.89
300.93
297.19
299.25
307.43
303.26
302.55
304.67
290.71
295.87
306.78
299.18
299.52
297.52
293.02
291.12
284.01
279.35
278.13
276.39
280.07
288.48
287.41
303.95
302.25
304.97
306.19
303.57
304.85
294.41
297.65
292.4
295.16
291.63
293.84
289.31
289.92
299.87
298.68
303.41
305.36
303.07
301.78
304.88
306.77
312.72
315.74
313.84
312.52
313.22
315.95
316.53
319.58
313.77
320.39
321.12
323.07
325.63
324.35
325.75
322.31
323.2
327.2
325.5
324.43
324.96
334.34
334.37
338.02
337.75
337.66
337.44
336.27
336.42
336.55
337.32
337.95
343.65
346.32
349.04
347.07
343.18
344.36
343.49
343.13
345.52
344.25
346.67
345.39
342.58
331.12
336.17
342.57
341.79
346.14
348.62
350.09
350.66
351.1
349.48
346.52
341.99
337.87
340.84
347.12
342.7
337.52
335.63
338.83
342.26
337.95
330.86
325.93
321.02
326.18
330.88
324.26
326.58
332.78
329.19
328.31
329.83
322.3
326.35
329.33
327.17
332.66
336.38
331.26
330
318.91
322.58
321.04
321.01
320.1
321.37
317.17
311.8
304.58
300.76
309.34
311.39
308.94
309.69
310.81
310.68
312.37
310.67
308.24
297.97
298.97
304.37
306
311.74
306.31
309.21
303.99
304.49
308.8
305.54
312.56
313.91
310.71
306.64
305.91
308.69
310.42
316.19
318.08
321.69
321.77
320.34
317.44
317.44
317.46
316.98
315.31
319.71
321.09
317.96
321.86
325.18
318.71
316.45
314.94
318.45
325.1
327.38
329.05
328.91
327.95
326.57
331.99
331.86
330.84
333.91
333.26
332.13
333.18
331.92
330.65
332.4
335.13
333.41
331.51
329.19
324.79
325.37
325.93
321.71
321.39
319.77
320.86
323.55
318.87
321.02
328.13
329.6
328.65
332.66
333.86
339.72
341.47
340.23
339.33
338.86
339.73
337.52
337.52
337.55
334.61
335.54
330.92
334.18
333.73
334.9
335.32
336.36
334.71
331.2
327.5
328.99
327.44
330.35
331.83
333.08
333.33
329.1
330.29
322.84
324.91
325.2
326.96
327.01
328.99
326.33
330.17
331.12
330.65
335.01
330.37
327.76
326.66
325.86
326.08
323.85
322.15
321.32
325.52
326.09
327.76
329.58
331.75
332.6
331.58
333.46
336.53
338.04
337.86
339.2
340.32
341.28
339.94
342.75
344.36
342.61
339.89
341.33
343.39
344.76
342.88
342.76
342.91
345.12
349.08
351.15
351.34
353.73
351.52
350.94
351.85
351.94
352.92
352.67
351.45
352.31
355.74
354.88
356.6
355.31
356.16
358.17
362.36
361.61
363.12
365.87
362.73
366.23
360.24
364.6
365.16
363.76
366.01
365.09
367.29
369.76
368.91
370.26
370.55
373.57
373.8
372.19
376.7
369.15
370.51
374.31
375.39
373.68
376.66
379.36
378.23
378.81
379.54
379.47
377.38
378.98
380.33
374.24
376.75
374.57
373.66
369.45
375.47
373.35
373.88
373.18
375.61
377.21
375.58
370.03
367.06
366.18
367.8
372.13
372.29
370.31
366.06
365.57
359.32
359.37
359.77
358.11
365.03
367.08
371.29
373.14
373.5
374.69
376.45
378.05
382.69
384.22
383.89
384.58
385.88
386.77
389.72
388.77
390.61
385.77
384.5
382.72
386.84
387.48
381.85
384.11
379.22
380.76
377.32
371.53
374.09
373.46
370.88
365.72
370.63
370.27
372.66
373.71
365.78
354.69
352.2
356.07
360.71
365.19
363.58
366.25
363.39
364.76
369.86
369.07
372.86
374.65
378.95
380.93
382.06
382.33
382.21
380.72
383.76
383.7
382.62
383.99
386
387.9
385.72
386.32
387.53
389.33
392.7
392.53
393.03
389.64
390.95
392.6
393.9
395.11
394.79
390.35
394.12
391.79
392.42
386.52
390.25
392.07
390.66
381.8
384.71
386.32
385.59
390.02
391.4
392.49
393.73
394.99
396.62
400.67
401.3
400.47
404.34
403.68
403.37
408.3
406.73
406.69
403.83
404.19
403.81
403.5
398.54
398.56
399.88
399.02
397.24
395.58
394.23
391.76
392.43
399.39
398.3
399.04
398.89
400.7
401.28
406.27
408.72
409.35
408.45
408.88
409.45
406.52
408.32
406.75
406.22
405.62
406.17
404.56
407.32
405.94
407.81
409.25
406.2
407.73
409.48
410.17
411.73
411.11
408.7
409.62
412.34
413.24
413.92
415.68
416.34
415.18
414.08
407.69
405.55
404.93
406.61
406.9
403.64
402.76
400.39
400.41
403.72
404.26
409.67
413.84
417.07
421.84
423.94
423.87
421.5
423.71
424.39
424.48
425.27
430.5
431.95
431.99
432.13
432.4
428.49
420.4
420.12
422.95
416.11
417.21
