2.06945558	1.04166667	1	1	1	1	1	1
2.06945558	0	1	1	1	1	-1	-1
1.04263566	1.02255639	1	1	1	1	-1	-1
1.04263566	1.02255639	1	1	1	-1	-1	-1
1.04263566	1.02255639	1	1	1	1	-1	-1
1.03041825	1.02255639	1	1	1	-1	-1	-1
1.03041825	2.07811195	1	1	1	-1	-1	-1
1.03041825	1.05555556	1	1	1	1	-1	-1
1.03041825	1.05555556	1	1	1	1	1	-1
1.03041825	1.05555556	1	1	1	1	1	1
0	1.05555556	1	1	1	1	1	1
1.024	0	1	1	1	-1	-1	-1
1.024	1.03937008	1	1	1	1	1	1
1.024	2.09021754	1	1	1	-1	-1	-1
1.024	3.19105788	1	1	1	1	1	-1
1.024	4.21605788	1	1	1	-1	-1	-1
0	4.21605788	-1	1	1	1	1	1
0	4.22430685	-1	-1	-1	1	1	1
0	4.19464583	1	1	1	1	1	1
1.0251046	3.09380549	1	1	1	1	1	-1
1.0251046	2.06880549	1	1	1	1	-1	-1
1.0251046	3.09359888	1	1	1	-1	-1	-1
1.0251046	2.04597983	1	1	1	1	-1	-1
2.04989799	1.02479339	-1	-1	-1	1	1	1
2.04643841	1.02479339	-1	-1	-1	1	1	1
2.04643841	1.02479339	-1	-1	-1	1	1	1
2.04643841	0	-1	1	1	1	1	1
2.04643841	1.0210084	-1	1	1	1	1	1
1.02164502	2.05462185	1	1	1	1	1	-1
0	2.05462185	1	1	1	-1	-1	-1
1.03252033	2.05462185	-1	-1	1	1	1	-1
1.03252033	2.05462185	-1	1	1	1	-1	-1
1.03252033	2.05453395	-1	1	1	1	1	1
1.03252033	1.0209205	-1	-1	-1	1	1	1
2.06180903	1.0209205	-1	-1	-1	1	1	1
1.0292887	1.0209205	-1	-1	1	1	1	1
1.0292887	1.0209205	-1	-1	-1	1	1	-1
1.0292887	1.025	1	1	1	1	1	-1
2.05367894	1.025	1	1	1	1	-1	-1
1.02439024	1.025	1	1	1	-1	-1	-1
1.02439024	1.025	1	1	1	1	1	-1
1.02439024	1.025	1	1	1	1	1	1
2.05307876	0	-1	-1	-1	1	1	1
1.02868852	1.02978723	-1	-1	-1	1	1	1
1.02868852	2.05053412	-1	-1	-1	1	1	1
1.02868852	2.05053412	-1	1	1	1	1	1
1.02868852	3.0744385	1	1	1	1	1	1
0	3.0744385	-1	-1	-1	1	1	1
0	2.04465127	-1	-1	-1	1	1	1
0	1.02390438	-1	-1	-1	1	1	1
0	1.02390438	-1	-1	-1	1	1	1
1.02307692	0	1	1	1	1	-1	-1
2.04529914	0	-1	1	1	1	-1	-1
2.04529914	1.03065134	-1	1	1	1	-1	-1
2.04529914	1.03065134	1	1	1	1	1	-1
2.04529914	2.0535521	1	1	1	-1	-1	-1
1.02222222	3.09952911	1	1	1	1	-1	-1
0	3.09952911	1	1	1	1	-1	-1
0	3.10704571	1	1	1	1	1	-1
0	3.10704571	-1	-1	-1	1	1	1
1.02307692	2.08414495	-1	1	1	1	1	-1
1.02307692	2.06080945	-1	1	1	1	1	1
1.02307692	2.06080945	-1	-1	-1	1	1	1
1.02307692	2.0490566	-1	-1	-1	1	1	1
1.02307692	2.0490566	-1	-1	-1	1	1	1
0	2.0490566	-1	-1	-1	1	1	1
0	1.02641509	-1	1	1	1	1	1
0	2.05177741	1	1	1	-1	-1	-1
0	1.02536232	1	1	1	-1	-1	-1
0	1.02536232	1	1	1	1	-1	-1
1.0212766	1.02536232	-1	1	1	1	1	-1
1.0212766	1.02536232	1	1	1	1	-1	-1
1.0212766	0	1	1	1	1	-1	-1
1.0212766	0	-1	1	1	1	1	-1
1.0212766	0	1	1	1	1	1	1
0	0	1	1	1	1	1	-1
0	0	1	1	1	1	-1	-1
0	0	1	1	1	-1	-1	-1
0	0	1	1	1	-1	-1	-1
1.02173913	0	1	1	1	1	-1	-1
2.05570139	0	-1	-1	-1	1	1	1
2.05570139	0	-1	-1	1	1	1	1
3.08262447	0	1	1	1	1	1	1
3.08262447	0	1	1	1	1	-1	-1
2.06088534	1.02723735	1	1	1	-1	-1	-1
1.02692308	1.02723735	1	1	1	1	-1	-1
1.02692308	1.02723735	1	1	1	1	1	-1
1.02307692	1.02723735	-1	-1	-1	1	1	1
1.02307692	2.06838961	1	1	1	1	-1	-1
2.04606543	1.04115226	-1	1	1	1	1	-1
3.06914235	1.04115226	-1	-1	1	1	1	1
3.06914235	1.04115226	-1	-1	1	1	1	1
2.04606543	1.04115226	-1	-1	-1	1	1	1
2.04606543	0	-1	-1	1	1	1	1
1.02307692	1.02316602	-1	1	1	1	1	1
0	2.04615453	-1	-1	1	1	1	1
0	3.07307761	-1	-1	-1	1	1	1
0	4.09959276	-1	-1	-1	1	1	1
0	4.09959276	-1	1	1	1	1	1
0	4.12404579	-1	-1	1	1	1	1
0	3.10105728	-1	1	1	1	1	1
0	2.0741342	-1	-1	1	1	1	1
0	1.04761905	-1	-1	1	1	1	1
0	1.04761905	1	1	1	1	1	1
0	1.03546099	1	1	1	-1	-1	-1
1.02333333	1.03546099	1	1	1	1	-1	-1
2.04706214	1.03546099	1	1	1	-1	-1	-1
3.08178436	1.03546099	1	1	1	-1	-1	-1
4.10321293	1.03546099	1	1	1	-1	-1	-1
4.10321293	0	1	1	1	-1	-1	-1
3.0798796	0	1	1	1	1	-1	-1
2.05615079	0	-1	-1	1	1	1	1
1.02142857	0	1	1	1	-1	-1	-1
0	1.03461538	-1	1	1	1	1	1
1.02651515	1.03461538	-1	1	1	1	1	1
1.02651515	2.05787119	1	1	1	1	1	-1
1.02651515	3.08887894	1	1	1	1	-1	-1
1.02651515	3.08887894	1	1	1	1	-1	-1
1.02651515	3.0849149	1	1	1	-1	-1	-1
0	3.0849149	1	1	1	-1	-1	-1
1.02641509	2.06165909	1	1	1	1	1	1
2.05013051	1.03065134	1	1	1	1	-1	-1
2.05013051	1.03065134	1	1	1	-1	-1	-1
2.05013051	0	1	1	1	-1	-1	-1
2.05013051	1.02371542	-1	1	1	1	1	-1
1.02371542	2.06916997	1	1	1	1	1	-1
0	3.09316997	1	1	1	1	1	-1
0	3.09316997	-1	1	1	1	1	1
0	3.09316997	-1	-1	1	1	1	1
0	3.09779463	-1	-1	-1	1	1	1
0	2.05234008	1	1	1	-1	-1	-1
0	1.02834008	-1	-1	1	1	-1	-1
0	1.02834008	1	1	1	-1	-1	-1
0	1.02834008	1	1	1	1	-1	-1
1.02766798	0	1	1	1	-1	-1	-1
1.02766798	0	1	1	1	1	1	1
1.02766798	0	-1	1	1	1	1	1
1.02766798	0	-1	-1	1	1	1	1
1.02766798	1.03688525	-1	-1	1	1	1	1
0	1.03688525	-1	-1	-1	1	1	1
0	1.03688525	1	1	1	1	-1	-1
1.02307692	1.03688525	1	1	1	1	1	-1
1.02307692	1.03688525	1	1	1	1	-1	-1
1.02307692	0	1	1	1	-1	-1	-1
1.02307692	0	1	1	1	-1	-1	-1
1.02307692	0	-1	-1	-1	1	1	1
1.032	0	1	1	1	-1	-1	-1
1.032	1.03984064	-1	-1	1	1	1	1
1.032	1.03984064	-1	-1	1	1	1	1
1.032	1.03984064	1	1	1	1	-1	-1
1.032	1.03984064	-1	-1	1	1	1	1
0	1.03984064	-1	-1	1	1	1	1
0	0	-1	-1	1	1	1	-1
1.03529412	0	1	1	1	1	-1	-1
1.03529412	0	1	1	1	1	1	1
1.03529412	0	-1	-1	1	1	1	1
2.05900954	0	-1	-1	-1	1	1	1
2.05900954	0	-1	-1	-1	1	1	1
1.02371542	0	-1	-1	-1	1	1	1
1.02371542	0	-1	-1	-1	1	1	1
1.02371542	1.03875969	-1	-1	-1	1	1	1
0	1.03875969	-1	1	1	1	1	-1
0	1.03875969	1	1	1	-1	-1	-1
0	1.03875969	1	1	1	-1	-1	-1
0	1.03875969	-1	1	1	-1	-1	-1
0	0	-1	-1	-1	1	1	1
0	0	-1	-1	1	1	1	1
1.02222222	0	-1	1	1	1	1	-1
1.02222222	0	1	1	1	1	-1	-1
1.02222222	0	1	1	1	1	1	-1
1.02222222	0	1	1	1	-1	-1	-1
1.02222222	0	1	1	1	1	1	-1
0	0	1	1	1	1	-1	-1
0	0	1	1	1	1	-1	-1
1.04166667	0	1	1	1	-1	-1	-1
2.08854167	0	1	1	1	1	1	1
2.08854167	1.025	1	1	1	1	1	1
3.11676748	1.025	1	1	1	1	1	1
4.13701039	1.025	1	1	1	1	1	-1
4.14024168	1.025	-1	1	1	1	1	1
3.09336668	2.06008772	-1	1	1	1	1	1
4.11455312	1.03508772	-1	-1	1	1	1	1
3.08632731	1.03508772	1	1	1	1	1	1
2.0660844	2.1173388	1	1	1	1	1	1
2.06250875	2.1173388	-1	-1	-1	1	1	1
2.06250875	2.11255411	1	1	1	1	1	1
1.04132231	3.13313024	1	1	1	1	1	1
1.04132231	3.13313024	1	1	1	1	-1	-1
1.04132231	3.08806924	1	1	1	1	-1	-1
0	4.14223591	-1	1	1	1	1	-1
0	3.11193288	1	1	1	1	-1	-1
0	3.12839379	1	1	1	1	-1	-1
0	3.12839379	1	1	1	-1	-1	-1
0	2.09120371	1	1	1	-1	-1	-1
0	1.03703704	1	1	1	-1	-1	-1
0	1.03703704	1	1	1	1	1	-1
1.06779661	0	1	1	1	-1	-1	-1
1.06779661	1.09545455	1	1	1	-1	-1	-1
1.06779661	2.12993731	1	1	1	-1	-1	-1
1.06779661	3.15186713	1	1	1	1	-1	-1
1.06779661	4.1785338	1	1	1	1	1	1
0	4.1785338	-1	-1	-1	1	1	1
1.02202643	3.08307925	-1	-1	1	1	1	1
1.02202643	3.07514516	-1	1	1	1	1	1
1.02202643	2.05321534	-1	1	1	1	1	1
1.02202643	1.02654867	1	1	1	1	1	-1
1.02202643	2.0611807	1	1	1	1	1	1
0	2.0611807	1	1	1	1	1	1
0	1.03463203	-1	1	1	1	1	-1
0	2.09657893	-1	-1	1	1	1	-1
0	3.11785553	1	1	1	1	-1	-1
0	3.10864723	1	1	1	-1	-1	-1
0	4.13385731	1	1	1	-1	-1	-1
0	5.15906739	1	1	1	1	-1	-1
0	4.09712049	1	1	1	-1	-1	-1
0	4.09667722	-1	-1	1	1	-1	-1
1.02953586	3.07125349	-1	-1	1	1	1	-1
1.02953586	2.04604341	-1	1	1	1	1	-1
1.02953586	2.04210993	-1	-1	-1	1	1	1
2.05081246	2.04210993	-1	-1	-1	1	1	1
2.05081246	1.0212766	-1	-1	1	1	1	1
1.0212766	1.0212766	-1	1	1	1	1	1
2.042285	1.0212766	1	1	1	1	1	-1
3.06311833	0	1	1	1	1	1	-1
2.04184173	0	1	1	1	-1	-1	-1
3.0710084	0	1	1	1	-1	-1	-1
3.0710084	1.03004292	1	1	1	-1	-1	-1
3.07136752	1.03004292	1	1	1	1	1	1
3.07246401	1.03004292	1	1	1	1	1	1
3.07246401	1.03004292	1	1	1	1	1	1
2.04329734	2.06200639	1	1	1	-1	-1	-1
3.07399909	1.03196347	1	1	1	-1	-1	-1
2.05263157	2.06392694	1	1	1	1	1	1
2.0783208	2.06392694	1	1	1	-1	-1	-1
2.0783208	2.06392694	1	1	1	-1	-1	-1
2.0783208	1.03196347	1	1	1	1	1	1
2.0981241	1.03196347	-1	-1	-1	1	1	1
2.0981241	1.04731183	-1	-1	-1	1	1	1
2.0771991	1.04731183	-1	-1	1	1	1	1
2.0771991	1.04731183	1	1	1	1	1	1
3.1071991	1.04731183	-1	-1	1	1	1	1
3.07710221	1.04731183	1	1	1	1	1	1
3.07710221	0	-1	-1	1	1	1	1
2.05040816	1.02268041	-1	-1	-1	1	1	1
2.05040816	1.02268041	-1	1	1	1	1	1
1.02040816	2.07268041	1	1	1	1	1	-1
1.05829596	2.07268041	1	1	1	-1	-1	-1
2.11385152	2.07268041	1	1	1	-1	-1	-1
2.11385152	2.09901961	1	1	1	1	1	1
3.13800611	2.09901961	1	1	1	1	1	-1
3.13800611	2.07843137	1	1	1	1	-1	-1
2.07971015	2.07843137	1	1	1	-1	-1	-1
1.02415459	3.12212069	1	1	1	1	-1	-1
1.02415459	3.10222729	-1	-1	1	1	1	1
1.06403941	3.10222729	1	1	1	-1	-1	-1
1.06403941	3.12992976	1	1	1	-1	-1	-1
1.06403941	4.15963273	1	1	1	-1	-1	-1
1.06403941	4.14033365	-1	-1	-1	1	1	1
1.06403941	3.11120744	-1	-1	1	1	1	1
0	3.11120744	-1	-1	-1	1	1	1
0	2.05409321	-1	1	1	1	1	1
0	1.02439024	-1	-1	1	1	1	1
0	0	1	1	1	-1	-1	-1
0	1.03431373	1	1	1	1	-1	-1
0	1.03431373	1	1	1	-1	-1	-1
0	1.03431373	1	1	1	-1	-1	-1
0	2.08431373	1	1	1	1	1	-1
1.02415459	2.08431373	1	1	1	-1	-1	-1
1.02415459	1.05	1	1	1	-1	-1	-1
1.02415459	1.05	1	1	1	1	1	-1
2.05356635	1.05	-1	-1	-1	1	1	1
2.05356635	1.02708333	1	1	1	1	-1	-1
1.02941176	2.07170808	1	1	1	-1	-1	-1
1.02941176	2.07170808	1	1	1	1	1	-1
1.02941176	2.07170808	1	1	1	1	1	-1
0	2.07170808	-1	-1	-1	1	1	1
0	1.04462475	-1	1	1	1	1	1
0	0	1	1	1	1	1	1
0	1.055	-1	-1	1	1	1	1
0	2.09	-1	1	1	1	1	1
0	3.11941176	-1	-1	1	1	1	1
0	4.14882352	-1	-1	1	1	1	1
0	5.17297811	-1	-1	1	1	1	1
0	5.16605503	-1	-1	-1	1	1	1
0	5.15431084	-1	-1	-1	1	1	1
0	5.14783486	-1	-1	-1	1	1	1
0	5.16346815	-1	-1	1	1	1	1
0	4.13931356	1	1	1	1	1	1
0	3.09123664	1	1	1	-1	-1	-1
1.0334728	2.06798083	1	1	1	-1	-1	-1
1.0334728	1.04504505	1	1	1	-1	-1	-1
1.0334728	0	1	1	1	1	1	1
1.0334728	0	1	1	1	1	1	1
1.0334728	1.02232143	1	1	1	1	1	1
0	2.05343254	1	1	1	1	1	1
0	2.05343254	-1	-1	-1	1	1	1
0	3.08045957	1	1	1	1	1	1
0	4.10556417	-1	-1	-1	1	1	1
1.03333333	3.08324274	1	1	1	1	1	1
1.03333333	3.07692502	1	1	1	1	1	-1
1.03333333	4.10092502	1	1	1	-1	-1	-1
1.03333333	3.07389799	1	1	1	1	-1	-1
1.03333333	2.04879339	1	1	1	1	-1	-1
1.03225806	2.04879339	-1	1	1	-1	-1	-1
1.03225806	2.06181513	-1	-1	1	1	1	1
1.03225806	1.03781513	-1	-1	1	1	1	1
1.03225806	1.03781513	-1	1	1	1	1	1
1.03225806	1.03781513	-1	-1	-1	1	1	1
0	1.03781513	-1	-1	-1	1	1	1
0	1.02479339	-1	-1	1	1	-1	-1
0	2.05705145	1	1	1	-1	-1	-1
0	3.0806735	1	1	1	-1	-1	-1
0	3.0806735	-1	1	1	1	-1	-1
0	3.0806735	1	1	1	-1	-1	-1
0	2.05588011	-1	-1	1	1	1	1
0	1.02362205	-1	-1	-1	1	1	1
0	0	-1	1	1	1	1	1
0	0	-1	1	1	1	1	1
0	0	1	1	1	1	1	-1
0	1.02362205	1	1	1	-1	-1	-1
0	1.02362205	1	1	1	-1	-1	-1
0	1.02362205	-1	-1	-1	1	1	1
1.04780876	1.02362205	1	1	1	1	1	-1
1.04780876	1.02362205	-1	-1	-1	1	1	1
1.04780876	0	1	1	1	1	1	1
1.04780876	0	1	1	1	1	1	1
1.04780876	0	1	1	1	1	1	1
0	0	1	1	1	-1	-1	-1
1.03125	0	1	1	1	-1	-1	-1
1.03125	0	-1	1	1	1	1	1
2.0555415	0	1	1	1	-1	-1	-1
2.0555415	1.02834008	1	1	1	1	-1	-1
2.0555415	1.02834008	1	1	1	-1	-1	-1
1.0242915	1.02834008	1	1	1	-1	-1	-1
2.06527511	1.02834008	1	1	1	1	1	-1
1.04098361	1.02834008	-1	-1	1	1	1	1
1.04098361	1.02586207	1	1	1	1	1	-1
1.04098361	1.02586207	1	1	1	-1	-1	-1
1.04098361	2.04660896	1	1	1	1	-1	-1
0	2.04660896	1	1	1	-1	-1	-1
0	3.06727012	1	1	1	-1	-1	-1
0	3.06704908	1	1	1	1	1	-1
1.04385965	3.06704908	1	1	1	-1	-1	-1
1.04385965	2.04630219	1	1	1	-1	-1	-1
1.04385965	3.07357492	1	1	1	-1	-1	-1
1.04385965	3.11394662	1	1	1	-1	-1	-1
1.04385965	3.1115614	1	1	1	-1	-1	-1
0	4.14013283	1	1	1	1	-1	-1
0	4.14013283	-1	-1	1	1	1	1
0	3.1128601	-1	-1	-1	1	1	1
0	2.05182724	-1	1	1	1	1	1
0	2.06206425	-1	-1	-1	1	1	1
0	1.03349282	-1	-1	1	1	1	1
0	2.05674863	1	1	1	1	1	1
0	3.09327831	-1	1	1	1	1	1
1.03153153	3.09327831	1	1	1	1	1	1
1.03153153	3.09996406	1	1	1	1	1	1
1.03153153	3.09996406	1	1	1	1	-1	-1
1.03153153	3.16004158	1	1	1	1	-1	-1
2.0573936	2.1235119	1	1	1	1	1	-1
1.02586207	2.1235119	1	1	1	1	-1	-1
1.02586207	2.14269406	1	1	1	1	1	1
1.02586207	2.14269406	1	1	1	-1	-1	-1
1.02586207	2.08544769	1	1	1	1	1	1
1.03508772	2.08544769	1	1	1	1	1	1
1.03508772	3.11211436	1	1	1	1	1	1
2.06117468	2.05275363	-1	-1	-1	1	1	1
2.06117468	3.1077995	-1	1	1	-1	-1	-1
2.06117468	3.10757461	-1	1	1	-1	-1	-1
1.02608696	3.10757461	1	1	1	-1	-1	-1
1.02608696	3.10654897	1	1	1	-1	-1	-1
0	3.10654897	1	1	1	-1	-1	-1
0	2.0515031	1	1	1	-1	-1	-1
0	1.02564103	1	1	1	1	1	1
0	1.02564103	-1	-1	-1	1	1	1
0	1.02678571	-1	1	1	1	1	1
0	2.05287267	-1	1	1	1	1	1
0	2.05287267	-1	-1	-1	1	1	1
0	2.05287267	-1	-1	1	1	1	1
0	2.05287267	-1	1	1	1	1	-1
0	1.02608696	1	1	1	-1	-1	-1
1.02066116	0	-1	1	1	1	-1	-1
1.02066116	0	1	1	1	1	1	-1
1.02066116	0	-1	-1	1	1	1	1
1.02066116	1.02136752	-1	-1	1	1	1	1
1.02066116	2.04255396	-1	-1	1	1	1	1
0	2.04255396	-1	-1	-1	1	1	1
0	2.04255396	-1	-1	-1	1	1	1
0	2.04255396	1	1	1	1	1	1
0	2.0457766	1	1	1	-1	-1	-1
0	2.05270261	1	1	1	1	-1	-1
0	2.05270261	1	1	1	-1	-1	-1
0	2.05270261	1	1	1	1	-1	-1
0	2.05270261	-1	1	1	1	1	1
1.04081633	1.02811245	1	1	1	1	1	1
1.04081633	1.02916667	1	1	1	1	1	-1
1.04081633	1.02916667	1	1	1	1	1	-1
1.04081633	1.02916667	1	1	1	-1	-1	-1
2.08535074	1.02916667	1	1	1	-1	-1	-1
1.04453441	1.02916667	1	1	1	-1	-1	-1
1.04453441	1.0209205	1	1	1	-1	-1	-1
1.04453441	2.04247222	1	1	1	1	1	1
1.04453441	3.07950926	1	1	1	1	1	1
1.11004785	3.07950926	-1	-1	-1	1	1	1
2.20579253	3.07950926	1	1	1	1	1	1
2.20579253	3.10909381	1	1	1	1	1	1
3.23896789	2.08754209	1	1	1	1	1	1
3.23896789	2.07501485	1	1	1	1	1	1
3.18717247	2.07501485	1	1	1	-1	-1	-1
2.09142779	3.13969147	1	1	1	-1	-1	-1
2.09142779	3.11918642	1	1	1	1	-1	-1
2.11088401	3.11918642	1	1	1	1	1	1
2.11088401	3.16433954	1	1	1	1	-1	-1
2.10971403	3.16433954	1	1	1	1	1	-1
2.10971403	2.09966292	1	1	1	-1	-1	-1
2.10971403	2.13483146	1	1	1	1	-1	-1
2.10580635	2.13483146	1	1	1	-1	-1	-1
3.17393287	1.06516854	1	1	1	1	1	1
3.19815123	1.06516854	1	1	1	1	1	1
4.2863055	1.06516854	-1	-1	-1	1	1	1
5.35685765	0	1	1	1	1	1	1
4.30813375	1.04913295	1	1	1	1	-1	-1
3.24000723	2.07531096	1	1	1	1	1	1
3.2364842	2.07531096	1	1	1	1	1	1
2.14832993	3.11400144	1	1	1	1	1	1
1.07777778	4.15877756	1	1	1	1	1	1
1.07777778	4.13742239	1	1	1	-1	-1	-1
2.09823814	3.11124438	1	1	1	-1	-1	-1
1.02046036	4.13512498	1	1	1	-1	-1	-1
1.02046036	4.13033281	1	1	1	-1	-1	-1
1.02046036	4.11227425	1	1	1	1	1	1
1.02046036	4.11415749	1	1	1	1	1	1
1.07916667	4.11415749	1	1	1	1	1	1
2.14583334	3.09027689	1	1	1	1	1	1
3.2175633	2.05637858	-1	-1	-1	1	1	1
4.28482787	1.02966102	-1	-1	-1	1	1	1
4.28482787	1.03448276	1	1	1	1	1	1
3.2056612	2.22950351	1	1	1	-1	-1	-1
2.13899453	3.35019317	1	1	1	1	1	1
2.09777304	3.35019317	1	1	1	1	1	1
2.09030913	3.35019317	1	1	1	-1	-1	-1
3.16854042	2.31571041	1	1	1	1	1	1
4.26217338	1.12068966	1	1	1	1	1	1
5.36453558	0	1	1	1	1	1	1
4.33402711	1.05416667	1	1	1	-1	-1	-1
4.36513554	1.05416667	1	1	1	-1	-1	-1
4.33711346	1.05416667	1	1	1	1	1	1
4.28330351	1.05416667	1	1	1	1	-1	-1
4.2676993	1.05416667	-1	-1	1	1	1	1
5.39077622	0	-1	-1	-1	1	1	1
4.29986713	1.04663212	1	1	1	1	1	-1
3.24965792	2.11130874	1	1	1	1	1	-1
2.20983491	3.15033313	1	1	1	1	1	1
2.16153846	3.15033313	1	1	1	1	-1	-1
1.03846154	3.15033313	1	1	1	-1	-1	-1
2.13346154	2.10370101	1	1	1	1	1	1
2.13346154	2.07163309	1	1	1	1	1	1
2.13346154	2.09964781	1	1	1	1	1	1
1.095	3.1385367	1	1	1	1	1	1
1.095	4.16556373	1	1	1	1	1	1
0	5.18766318	1	1	1	1	1	1
0	5.18748691	1	1	1	1	1	1
1.07567568	4.1204478	-1	-1	1	1	1	1
2.14953932	3.08155891	1	1	1	1	1	1
2.14953932	3.10077465	1	1	1	1	1	-1
2.14953932	3.17116075	1	1	1	1	-1	-1
2.14953932	2.13872832	1	1	1	-1	-1	-1
1.07386364	2.13872832	1	1	1	-1	-1	-1
1.05464481	2.13872832	1	1	1	1	1	1
1.05464481	2.11615419	1	1	1	1	1	1
1.05464481	1.02366864	1	1	1	1	1	1
2.08405657	1.02366864	-1	-1	1	1	1	1
2.08405657	2.07244913	-1	-1	1	1	1	1
1.02941176	3.10186089	-1	-1	-1	1	1	1
2.05798319	2.07819225	-1	-1	-1	1	1	1
2.05798319	3.16390654	1	1	1	1	1	1
1.02857143	4.21653812	1	1	1	1	1	-1
1.02857143	4.22359519	1	1	1	1	1	1
2.08498169	3.19418343	1	1	1	1	1	-1
1.05641026	4.24494485	1	1	1	-1	-1	-1
1.05641026	4.21368601	1	1	1	1	1	1
1.05641026	4.18605443	1	1	1	1	1	-1
1.05641026	4.15709859	1	1	1	1	1	1
1.07142857	4.15709859	1	1	1	1	1	1
2.11587301	3.10633717	-1	-1	-1	1	1	1
2.11587301	3.07487023	-1	-1	-1	1	1	1
3.14958088	2.04987023	-1	-1	-1	1	1	1
3.14958088	2.06231435	1	1	1	1	1	1
2.07815231	3.08863014	1	1	1	1	1	1
1.03370787	4.13095818	1	1	1	1	-1	-1
1.03370787	4.19307605	-1	-1	1	1	1	1
0	5.22897349	-1	-1	1	1	1	1
0	4.18964765	-1	-1	-1	1	1	1
1.025	3.16333186	-1	1	1	1	1	1
1.025	3.15100382	-1	-1	-1	1	1	1
1.025	2.06589744	-1	-1	-1	1	1	1
1.025	2.09796117	-1	1	1	1	1	1
1.025	3.19282283	-1	-1	-1	1	1	1
0	4.23726727	1	1	1	1	1	1
0	4.28882755	1	1	1	1	1	1
0	5.32586459	-1	-1	-1	1	1	1
0	4.25790342	-1	-1	-1	1	1	1
0	4.24304176	1	1	1	1	1	1
0	4.2355204	1	1	1	1	1	-1
0	3.15396012	1	1	1	-1	-1	-1
0	3.14677383	1	1	1	-1	-1	-1
0	4.18324799	1	1	1	-1	-1	-1
0	4.15863261	1	1	1	-1	-1	-1
0	4.18343793	1	1	1	1	1	-1
1.02424242	4.18343793	1	1	1	1	1	1
1.02424242	3.15358718	-1	-1	1	1	1	1
2.05272343	2.11711302	-1	-1	-1	1	1	1
3.09093999	1.0617284	1	1	1	-1	-1	-1
3.09093999	1.06666667	1	1	1	1	1	1
3.11044757	1.06666667	1	1	1	1	1	1
4.13874946	1.06666667	-1	1	1	1	1	1
4.15834537	1.06666667	1	1	1	1	-1	-1
3.12012881	2.12756411	1	1	1	1	1	1
4.15147677	1.06089744	-1	-1	1	1	1	1
4.13353322	1.06089744	-1	1	1	1	1	1
3.10523133	1.06089744	-1	1	1	1	1	1
2.05715441	2.12647121	-1	-1	-1	1	1	1
2.05715441	2.10330962	-1	-1	1	1	1	1
2.0768575	2.10330962	-1	1	1	1	1	1
2.11165711	2.10330962	1	1	1	1	1	-1
2.11165711	2.10330962	1	1	1	1	1	-1
2.11165711	1.03773585	1	1	1	1	-1	-1
3.14459124	0	1	1	1	1	-1	-1
3.12697484	0	1	1	1	1	1	-1
2.06636878	0	1	1	1	-1	-1	-1
2.06636878	1.04126984	1	1	1	-1	-1	-1
2.06636878	1.04126984	1	1	1	-1	-1	-1
1.03343465	1.04126984	1	1	1	1	-1	-1
0	2.0735279	1	1	1	-1	-1	-1
1.03492063	2.0735279	-1	-1	-1	1	1	1
2.06123642	1.03225806	-1	1	1	1	1	1
2.06123642	1.03225806	-1	1	1	1	1	1
2.06123642	2.05874813	-1	1	1	1	1	1
2.06123642	2.0563904	-1	-1	-1	1	1	1
1.02631579	2.0563904	-1	-1	-1	1	1	1
0	3.07934122	-1	-1	-1	1	1	1
0	3.07934122	-1	-1	-1	1	1	1
0	2.05285115	-1	-1	-1	1	1	1
0	2.05820723	-1	-1	1	1	1	1
1.03067485	2.05820723	-1	-1	-1	1	1	1
1.03067485	2.06963141	-1	-1	-1	1	1	1
1.03067485	3.11192748	1	1	1	1	1	1
1.03067485	4.18642605	1	1	1	1	1	1
1.03067485	4.17826991	-1	-1	1	1	1	1
1.04120879	4.17826991	1	1	1	1	1	-1
1.04120879	4.1702107	1	1	1	-1	-1	-1
1.04120879	4.15991463	1	1	1	-1	-1	-1
1.04120879	4.15763828	1	1	1	-1	-1	-1
1.04120879	4.19164912	1	1	1	1	1	-1
0	4.19164912	1	1	1	1	1	-1
0	3.16533333	1	1	1	1	1	1
0	2.13333333	1	1	1	1	1	1
1.06060606	1.06111111	-1	-1	-1	1	1	1
1.06060606	1.04285714	-1	-1	1	1	1	1
1.06060606	2.07847358	1	1	1	1	1	1
1.06060606	3.10528323	1	1	1	1	-1	-1
1.06060606	4.17975132	1	1	1	1	1	-1
1.025	4.17975132	1	1	1	-1	-1	-1
1.025	4.16847313	1	1	1	1	1	1
2.07033333	3.13285669	1	1	1	1	1	-1
2.07033333	3.18275159	1	1	1	1	1	-1
2.07033333	2.1082835	1	1	1	1	1	-1
1.04533333	3.15223954	1	1	1	1	1	-1
1.04533333	2.12066059	1	1	1	-1	-1	-1
1.02094241	2.12066059	1	1	1	-1	-1	-1
1.02094241	1.04395604	1	1	1	1	1	-1
1.02094241	2.07434278	-1	-1	1	1	1	1
1.02094241	1.03038674	1	1	1	1	1	1
1.02094241	2.05531749	1	1	1	1	1	1
0	2.05531749	1	1	1	1	1	-1
0	2.05531749	1	1	1	-1	-1	-1
0	2.05210466	1	1	1	-1	-1	-1
1.02972973	2.05210466	1	1	1	1	1	-1
1.02972973	2.04990118	1	1	1	1	1	1
2.05508184	2.04990118	1	1	1	1	-1	-1
3.09462986	2.04990118	-1	1	1	1	1	-1
4.15676004	1.02272727	-1	-1	-1	1	1	1
4.16006334	1.02272727	-1	-1	1	1	1	1
5.19945728	0	1	1	1	1	-1	-1
4.17410517	1.02409639	1	1	1	-1	-1	-1
3.13455715	1.02409639	1	1	1	-1	-1	-1
2.07242697	1.02409639	1	1	1	-1	-1	-1
1.03939394	1.02409639	1	1	1	1	-1	-1
0	1.02409639	-1	1	1	1	1	1
1.03726708	0	-1	-1	-1	1	1	1
2.08726708	0	-1	-1	1	1	1	1
2.08726708	1.025	-1	-1	-1	1	1	1
2.08726708	1.025	-1	-1	-1	1	1	1
3.1084792	1.025	-1	-1	1	1	1	-1
2.07121212	1.025	1	1	1	-1	-1	-1
1.02121212	1.025	1	1	1	1	-1	-1
1.02121212	0	1	1	1	-1	-1	-1
1.02121212	0	1	1	1	-1	-1	-1
0	0	1	1	1	-1	-1	-1
0	0	1	1	1	-1	-1	-1
0	1.02167183	1	1	1	1	-1	-1
0	2.04341096	1	1	1	1	1	1
0	3.08828275	-1	1	1	1	1	1
0	4.12012988	-1	-1	1	1	1	1
0	4.12012988	-1	-1	-1	1	1	1
1.021875	3.09845805	-1	-1	-1	1	1	1
1.021875	2.07671892	-1	-1	1	1	1	1
1.021875	2.07427137	1	1	1	-1	-1	-1
1.021875	2.08242424	1	1	1	-1	-1	-1
1.021875	3.12893587	-1	-1	-1	1	1	1
1.03478261	3.12893587	-1	-1	1	1	-1	-1
1.03478261	4.15517494	1	1	1	1	-1	-1
1.03478261	3.1127507	1	1	1	1	-1	-1
1.03478261	2.0727507	1	1	1	1	-1	-1
1.03478261	1.02623907	1	1	1	-1	-1	-1
1.02578797	1.02623907	1	1	1	-1	-1	-1
1.02578797	0	1	1	1	1	1	1
2.04619613	0	1	1	1	1	1	1
2.04619613	1.06042296	-1	1	1	1	1	1
2.04619613	2.08983472	-1	1	1	1	1	1
1.02040816	3.11322653	-1	-1	-1	1	1	1
1.02040816	3.11322653	-1	-1	-1	1	1	1
0	3.11322653	-1	-1	1	1	1	1
0	2.05280357	1	1	1	1	1	1
0	2.05116959	1	1	1	1	1	1
0	1.02777778	-1	1	1	1	1	1
0	2.06450094	1	1	1	1	1	1
0	3.0952272	1	1	1	-1	-1	-1
0	4.12225423	1	1	1	1	-1	-1
1.02688172	3.09447645	-1	-1	-1	1	1	1
2.0546595	3.09447645	-1	-1	-1	1	1	1
3.08243728	2.05775329	-1	-1	-1	1	1	1
3.08243728	2.04943599	-1	-1	1	1	1	-1
3.08243728	2.04420733	-1	-1	1	1	-1	-1
2.05555556	2.04420733	1	1	1	-1	-1	-1
1.02777778	3.06554066	-1	1	1	-1	-1	-1
0	3.06554066	1	1	1	1	1	-1
0	2.0431317	1	1	1	1	-1	-1
0	1.02133333	1	1	1	1	1	1
0	1.02133333	-1	1	1	1	1	1
0	0	-1	1	1	1	1	1
1.02432432	0	-1	-1	-1	1	1	1
1.02432432	1.03611111	-1	-1	-1	1	1	1
1.02432432	2.05761649	-1	-1	-1	1	1	1
1.02432432	3.13034376	1	1	1	1	-1	-1
1.02432432	4.16064679	-1	1	1	1	1	1
1.03009259	4.16064679	1	1	1	1	1	-1
1.03009259	4.15534137	1	1	1	1	-1	-1
1.03009259	3.13383599	1	1	1	1	-1	-1
1.03009259	2.06110872	-1	1	1	1	1	1
1.03009259	2.05699617	-1	-1	1	1	1	1
0	2.05699617	1	1	1	1	1	1
0	2.0469757	1	1	1	1	1	1
0	2.0469757	-1	-1	-1	1	1	1
0	2.0469757	1	1	1	1	1	1
1.04130435	1.02078522	1	1	1	1	1	1
1.04130435	1.02078522	-1	1	1	1	1	1
1.04130435	0	-1	-1	-1	1	1	1
2.06827064	0	1	1	1	1	-1	-1
2.06827064	1.0494382	1	1	1	-1	-1	-1
1.02696629	2.08007277	1	1	1	-1	-1	-1
1.02696629	2.08007277	-1	1	1	1	-1	-1
2.06220858	2.08007277	-1	-1	-1	1	1	1
2.07578283	2.08007277	-1	-1	-1	1	1	-1
2.07578283	1.03063457	-1	-1	1	-1	-1	-1
2.07578283	0	-1	-1	1	-1	-1	-1
2.07578283	0	-1	-1	-1	1	1	1
1.04054054	0	-1	-1	-1	1	1	1
0	0	-1	-1	-1	1	1	1
0	0	-1	-1	1	1	1	1
0	0	-1	-1	-1	1	1	1
0	0	-1	-1	-1	1	1	1
0	0	-1	-1	-1	1	1	1
0	0	-1	1	1	1	1	1
0	0	-1	1	1	1	1	1
0	0	-1	-1	1	1	1	1
1.02765957	0	-1	-1	-1	1	1	1
1.02765957	1.03225806	1	1	1	-1	-1	-1
1.02765957	2.09195955	1	1	1	-1	-1	-1
2.06164015	2.09195955	-1	1	1	1	1	-1
3.08627069	2.09195955	1	1	1	1	-1	-1
2.05861112	2.09195955	-1	1	1	1	1	1
2.05861112	1.05970149	-1	-1	1	1	1	1
2.05861112	1.02226721	-1	-1	1	1	1	1
1.02463054	1.02226721	-1	-1	1	1	1	1
0	2.07065431	-1	-1	-1	1	1	1
0	2.07065431	-1	-1	-1	1	1	1
0	2.07065431	-1	-1	-1	1	1	1
0	2.08187992	-1	-1	1	1	-1	-1
0	3.11857717	-1	-1	-1	1	1	1
1.02242152	2.07019007	-1	-1	-1	1	1	1
1.02242152	2.07019007	-1	-1	-1	1	1	1
1.02242152	2.07019007	-1	1	1	1	1	1
1.02242152	1.03669725	-1	-1	1	1	1	1
1.02242152	0	1	1	1	-1	-1	-1
0	1.02608696	1	1	1	-1	-1	-1
0	1.02608696	1	1	1	1	-1	-1
0	1.02608696	-1	-1	-1	1	1	1
1.04	1.02608696	-1	-1	1	1	1	-1
1.04	1.02608696	1	1	1	-1	-1	-1
1.04	0	-1	1	1	1	1	1
1.04	0	1	1	1	1	1	1
1.04	1.02212389	-1	-1	1	1	1	1
0	1.02212389	-1	-1	-1	1	1	1
0	2.04454541	1	1	1	1	1	1
0	2.04454541	1	1	1	1	-1	-1
0	3.06619043	1	1	1	1	-1	-1
0	2.04406654	1	1	1	1	1	-1
1.03004292	2.04406654	-1	1	1	1	1	1
1.03004292	1.02164502	-1	-1	-1	1	1	1
2.06559848	1.02164502	-1	-1	-1	1	1	1
2.06559848	0	-1	-1	-1	1	1	-1
2.06559848	1.02202643	-1	-1	1	-1	-1	-1
1.03555556	1.02202643	-1	-1	-1	1	-1	-1
1.03555556	1.02202643	-1	-1	1	-1	-1	-1
0	1.02202643	-1	-1	-1	1	-1	-1
0	1.02202643	-1	-1	1	-1	-1	-1
0	0	-1	-1	-1	-1	-1	-1
0	0	-1	-1	-1	-1	-1	-1
0	0	-1	-1	-1	-1	-1	-1
0	0	-1	-1	-1	1	1	1
0	0	-1	-1	-1	1	1	1
0	0	-1	-1	-1	1	1	1
0	0	-1	-1	-1	1	1	1
0	0	-1	-1	-1	1	1	1
0	0	-1	-1	-1	1	1	1
0	1.02586207	-1	-1	-1	1	1	1
0	2.06787888	-1	1	1	1	-1	-1
0	2.06787888	-1	-1	1	1	-1	-1
1.02371542	2.06787888	-1	-1	1	-1	-1	-1
1.02371542	2.06787888	-1	1	1	-1	-1	-1
1.02371542	1.04201681	-1	-1	1	1	-1	-1
1.02371542	0	-1	-1	1	-1	-1	-1
1.02371542	0	-1	1	1	1	-1	-1
0	0	1	1	1	1	-1	-1
0	0	1	1	1	1	-1	-1
0	0	1	1	1	1	1	-1
0	0	1	1	1	1	-1	-1
0	0	-1	1	1	1	1	-1
1.02419355	0	-1	1	1	1	-1	-1
1.02419355	1.0373444	-1	1	1	1	1	1
1.02419355	1.0373444	-1	1	1	1	1	1
1.02419355	1.0373444	-1	-1	-1	1	1	1
2.05264883	1.0373444	-1	-1	-1	1	1	1
1.02845528	1.0373444	-1	-1	-1	1	1	1
1.02845528	0	1	1	1	1	1	1
1.02845528	1.04330709	1	1	1	-1	-1	-1
1.02845528	2.06586348	1	1	1	1	1	1
1.03030303	2.06586348	-1	1	1	1	1	1
1.03030303	3.09320723	-1	-1	-1	1	1	1
1.03030303	4.11664473	-1	-1	1	1	1	1
1.03030303	3.07333764	-1	-1	1	1	1	1
1.03030303	3.08155048	1	1	1	1	-1	-1
0	4.13042266	1	1	1	1	-1	-1
1.02898551	3.10307891	-1	1	1	-1	-1	-1
1.02898551	3.1021978	-1	-1	-1	1	1	-1
2.05137357	3.1021978	-1	-1	1	1	-1	-1
2.05137357	2.07142857	-1	-1	1	1	-1	-1
2.05137357	1.02255639	-1	-1	-1	1	1	-1
1.02238806	1.02255639	-1	-1	1	1	-1	-1
1.02238806	0	1	1	1	-1	-1	-1
0	0	-1	1	1	1	-1	-1
0	0	-1	1	1	-1	-1	-1
0	0	-1	-1	1	-1	-1	-1
0	0	-1	-1	-1	1	-1	-1
0	0	-1	-1	-1	1	1	-1
0	0	-1	-1	-1	1	-1	-1
0	0	-1	-1	-1	1	-1	-1
0	0	-1	-1	-1	1	1	-1
0	0	-1	-1	1	1	-1	-1
0	0	-1	-1	-1	1	1	-1
0	0	-1	-1	1	1	1	-1
0	0	-1	-1	1	1	1	-1
0	0	-1	1	1	1	-1	-1
0	0	1	1	1	-1	-1	-1
0	0	1	1	1	-1	-1	-1
0	0	1	1	1	-1	-1	-1
0	0	1	1	1	-1	-1	-1
0	0	1	1	1	1	-1	-1
0	0	-1	-1	1	1	1	1
0	1.04761905	-1	-1	1	1	1	1
0	1.04761905	-1	-1	-1	1	1	1
0	1.04761905	-1	-1	-1	1	1	1
0	1.04761905	-1	-1	1	1	-1	-1
0	1.04761905	-1	1	1	-1	-1	-1
0	0	-1	-1	1	1	-1	-1
0	0	-1	-1	1	1	-1	-1
0	0	-1	1	1	-1	-1	-1
0	0	-1	1	1	-1	-1	-1
0	0	-1	-1	-1	1	1	1
0	0	-1	-1	1	1	1	-1
0	0	-1	-1	-1	1	1	1
0	0	-1	-1	1	1	1	-1
0	0	-1	-1	1	1	1	1
0	0	-1	-1	1	1	1	1
0	1.03745318	-1	-1	1	1	1	1
0	1.03745318	-1	1	1	1	1	1
0	1.03745318	-1	1	1	1	1	1
0	1.03745318	1	1	1	1	-1	-1
0	2.07730825	1	1	1	-1	-1	-1
1.02112676	1.03985507	1	1	1	-1	-1	-1
1.02112676	1.03985507	1	1	1	-1	-1	-1
1.02112676	1.03985507	1	1	1	1	-1	-1
1.02112676	1.03985507	-1	1	1	1	1	-1
1.02112676	0	-1	1	1	1	1	1
1.02681992	0	1	1	1	1	1	-1
1.02681992	0	1	1	1	1	-1	-1
1.02681992	0	1	1	1	-1	-1	-1
1.02681992	0	1	1	1	-1	-1	-1
2.05293932	0	1	1	1	-1	-1	-1
2.05700743	0	1	1	1	1	1	1
3.11006865	0	-1	-1	-1	1	1	1
3.11006865	1.02232143	1	1	1	1	1	-1
3.11006865	2.0869766	1	1	1	1	1	-1
2.08394925	3.12934948	1	1	1	-1	-1	-1
1.05306122	4.16653956	1	1	1	1	1	1
0	5.19133295	1	1	1	1	1	1
0	5.19854738	1	1	1	1	1	1
1.0203252	4.13389221	1	1	1	1	1	1
2.04925082	3.09151933	1	1	1	1	1	1
2.04925082	3.07975298	1	1	1	1	1	1
2.04925082	3.14042968	1	1	1	1	1	1
3.08482394	2.11089382	-1	-1	1	1	1	1
2.06449874	3.13958234	-1	-1	1	1	1	1
1.03557312	4.20031108	-1	-1	1	1	1	1
1.03557312	4.19814316	-1	-1	1	1	1	1
1.03557312	3.11267307	1	1	1	1	1	-1
0	4.14663533	1	1	1	1	1	-1
0	4.148022	1	1	1	1	1	-1
0	3.08729326	1	1	1	1	1	-1
0	2.06403745	1	1	1	-1	-1	-1
0	3.12534013	-1	1	1	1	1	1
0	3.11376593	-1	-1	1	1	1	1
0	2.08369074	-1	-1	-1	1	1	1
0	2.08369074	-1	-1	1	1	1	1
0	2.08369074	1	1	1	1	1	1
0	2.04860529	1	1	1	-1	-1	-1
0	2.08547649	1	1	1	1	-1	-1
0	2.08547649	1	1	1	-1	-1	-1
0	3.10705922	1	1	1	-1	-1	-1
1.03623188	3.10705922	1	1	1	1	1	1
2.05878827	2.08084199	1	1	1	-1	-1	-1
3.10803069	1.02158273	1	1	1	1	-1	-1
4.13903844	1.02158273	1	1	1	1	-1	-1
4.13903844	0	1	1	1	-1	-1	-1
4.14663126	0	1	1	1	1	1	1
3.12407487	1.0209205	1	1	1	1	1	1
2.07483245	2.0419289	1	1	1	1	1	1
2.07688255	2.0419289	-1	-1	-1	1	1	1
2.07688255	3.080722	-1	1	1	1	1	1
1.03305785	4.10551539	-1	-1	-1	1	1	1
2.06162928	3.08459489	-1	-1	-1	1	1	1
3.08601952	2.06358649	-1	1	1	1	1	1
2.05296167	2.06358649	-1	-1	-1	1	1	1
3.09785963	1.02479339	1	1	1	1	1	-1
3.09785963	1.03673469	1	1	1	1	1	1
2.0692882	1.03673469	1	1	1	1	1	-1
1.04489796	1.03673469	1	1	1	-1	-1	-1
1.04489796	1.03673469	1	1	1	-1	-1	-1
1.02777778	1.03673469	1	1	1	-1	-1	-1
2.07015066	0	1	1	1	1	-1	-1
3.10493327	0	-1	-1	-1	1	1	1
4.14511184	0	-1	1	1	1	1	1
4.14511184	0	-1	-1	1	1	1	1
4.13955628	0	1	1	1	1	1	-1
3.0971834	1.02702703	1	1	1	1	1	1
3.08894946	1.02702703	1	1	1	1	-1	-1
2.04877089	1.02702703	1	1	1	-1	-1	-1
3.08416912	1.02702703	1	1	1	-1	-1	-1
2.0619469	1.02702703	-1	-1	-1	1	1	-1
2.0619469	0	-1	-1	1	1	1	-1
1.03539823	0	-1	1	1	1	-1	-1
1.03539823	0	-1	-1	-1	1	1	-1
0	0	-1	1	1	1	1	-1
0	0	1	1	1	1	1	1
0	0	1	1	1	1	-1	-1
1.02212389	0	1	1	1	-1	-1	-1
1.02212389	0	1	1	1	1	1	1
2.04454541	0	1	1	1	1	1	1
2.04454541	0	-1	1	1	1	1	1
2.04454541	1.03703704	-1	-1	1	1	1	1
1.02242152	1.03703704	-1	-1	-1	1	1	1
1.02242152	2.05997282	-1	-1	-1	1	1	1
0	3.10501787	-1	-1	1	1	1	1
0	3.10501787	1	1	1	1	-1	-1
0	3.10677393	1	1	1	-1	-1	-1
0	4.13630979	1	1	1	1	-1	-1
0	3.11337401	1	1	1	-1	-1	-1
0	3.08988068	1	1	1	-1	-1	-1
0	3.08988068	1	1	1	-1	-1	-1
0	2.05108758	-1	1	1	1	1	1
0	1.02155172	-1	-1	-1	1	1	1
0	1.02155172	-1	-1	-1	1	1	1
0	0	-1	-1	-1	1	1	1
0	0	-1	-1	1	1	1	1
0	0	-1	-1	1	1	1	1
0	1.03896104	-1	-1	-1	1	1	1
0	1.03896104	-1	-1	-1	1	1	-1
0	2.06438477	-1	-1	-1	1	1	-1
0	2.06438477	-1	-1	-1	1	1	1
1.02057613	2.06438477	-1	-1	1	1	1	1
1.02057613	1.02542373	-1	-1	1	1	1	1
1.02057613	1.02542373	-1	-1	-1	1	1	1
1.02057613	0	-1	-1	1	1	1	-1
1.02057613	0	-1	-1	1	1	-1	-1
0	0	-1	-1	1	1	-1	-1
0	0	-1	-1	1	1	-1	-1
0	0	-1	-1	1	1	-1	-1
0	0	-1	-1	1	1	1	-1
0	0	-1	1	1	1	-1	-1
0	0	-1	-1	1	1	-1	-1
0	0	-1	-1	1	1	-1	-1
0	0	-1	-1	1	1	1	1
0	0	1	1	1	1	1	-1
0	1.04016064	-1	1	1	1	1	1
0	1.04016064	-1	1	1	1	1	-1
0	2.06804909	-1	1	1	1	1	-1
0	2.06804909	-1	1	1	1	-1	-1
1.02316602	2.06804909	-1	-1	1	1	1	-1
1.02316602	1.02788845	-1	-1	1	1	1	-1
1.02316602	1.02788845	-1	-1	-1	1	-1	-1
1.02316602	1.02777778	-1	-1	-1	1	-1	-1
1.02316602	1.02777778	-1	-1	1	1	1	1
0	1.02777778	1	1	1	1	1	1
0	1.02777778	-1	-1	1	1	1	1
0	1.02777778	1	1	1	1	1	1
0	0	1	1	1	1	1	-1
0	0	1	1	1	-1	-1	-1
0	0	-1	1	1	1	-1	-1
1.02702703	0	-1	-1	1	1	1	1
2.05437078	0	-1	-1	-1	1	1	1
2.05437078	0	-1	-1	1	1	1	-1
2.05437078	1.03149606	-1	-1	1	1	-1	-1
2.05437078	2.05475187	-1	-1	1	1	1	-1
1.02734375	2.05475187	-1	-1	1	1	1	-1
0	2.05475187	-1	-1	1	1	-1	-1
0	2.05475187	-1	-1	1	1	-1	-1
0	1.02325581	-1	-1	-1	1	1	-1
0	0	-1	1	1	1	-1	-1
0	1.02325581	1	1	1	-1	-1	-1
0	1.02325581	1	1	1	-1	-1	-1
0	1.02325581	1	1	1	-1	-1	-1
0	1.02325581	-1	1	1	-1	-1	-1
0	1.02325581	-1	-1	1	1	-1	-1
0	0	-1	-1	1	1	1	-1
0	0	-1	1	1	-1	-1	-1
0	1.02755906	1	1	1	-1	-1	-1
0	1.02755906	-1	1	1	1	-1	-1
0	1.02755906	1	1	1	-1	-1	-1
0	2.05099656	1	1	1	-1	-1	-1
0	2.05099656	1	1	1	-1	-1	-1
0	1.0234375	-1	-1	-1	1	-1	-1
1.02362205	1.0234375	-1	-1	1	1	1	-1
1.02362205	1.0234375	-1	1	1	1	-1	-1
1.02362205	0	-1	-1	1	1	1	-1
1.02362205	0	-1	-1	-1	1	1	1
1.02362205	0	-1	-1	1	1	1	-1
0	0	-1	-1	1	-1	-1	-1
0	1.03543307	-1	-1	1	-1	-1	-1
0	1.03543307	-1	-1	1	1	1	-1
0	1.03543307	-1	-1	1	1	1	1
0	1.03543307	-1	-1	1	1	1	1
0	1.03543307	-1	-1	-1	1	1	1
0	0	-1	-1	-1	1	1	1
0	0	-1	-1	-1	1	1	1
0	1.02307692	-1	-1	1	1	1	1
0	1.02307692	-1	-1	-1	1	1	1
0	2.04554883	-1	-1	1	1	1	1
0	2.04554883	-1	-1	1	1	1	1
0	2.04554883	-1	-1	-1	1	1	1
0	1.02247191	-1	-1	1	1	1	1
0	1.02247191	-1	1	1	1	1	-1
0	1.02898551	-1	-1	1	1	1	1
0	2.05416537	1	1	1	1	-1	-1
0	3.08608026	-1	-1	1	1	1	1
0	3.08608026	-1	-1	1	1	1	1
0	3.08608026	-1	-1	-1	1	1	1
0	2.05709475	1	1	1	-1	-1	-1
0	2.06712616	-1	-1	1	1	-1	-1
0	2.06328145	-1	-1	1	1	-1	-1
0	2.06328145	-1	1	1	1	-1	-1
0	2.06328145	1	1	1	-1	-1	-1
0	3.09105923	1	1	1	-1	-1	-1
0	2.05584796	1	1	1	-1	-1	-1
0	2.04861111	-1	-1	1	1	-1	-1
1.02439024	2.04861111	-1	1	1	1	-1	-1
1.02439024	2.04861111	-1	1	1	-1	-1	-1
1.02439024	1.02083333	-1	1	1	-1	-1	-1
1.02439024	1.02083333	-1	-1	1	1	-1	-1
1.02439024	0	-1	-1	1	1	1	1
0	0	-1	-1	-1	1	1	1
0	0	-1	-1	-1	1	1	1
0	0	-1	-1	-1	1	1	1
0	0	-1	-1	-1	1	1	1
0	0	-1	1	1	1	-1	-1
0	0	1	1	1	1	-1	-1
0	0	1	1	1	1	1	-1
0	0	-1	-1	1	1	1	1
0	0	1	1	1	1	1	1
0	0	1	1	1	1	1	1
0	0	1	1	1	1	1	1
0	1.02405498	1	1	1	1	-1	-1
0	1.02405498	1	1	1	-1	-1	-1
0	1.02405498	-1	1	1	1	-1	-1
0	2.08927237	-1	1	1	1	-1	-1
1.02054795	2.08927237	-1	1	1	1	-1	-1
1.02054795	1.06521739	-1	1	1	1	1	-1
1.02054795	1.06521739	-1	1	1	1	1	-1
1.02054795	1.06521739	-1	-1	1	1	1	1
1.02054795	0	-1	-1	1	1	1	1
0	0	-1	1	1	1	1	-1
0	0	1	1	1	-1	-1	-1
0	0	1	1	1	1	-1	-1
1.02040816	0	-1	1	1	1	1	1
1.02040816	0	-1	-1	1	1	1	1
1.02040816	0	-1	-1	-1	1	1	1
1.02040816	0	-1	-1	1	1	1	1
1.02040816	1.03496503	-1	-1	1	1	1	1
0	1.03496503	-1	-1	1	1	1	1
0	2.05869384	-1	-1	-1	1	1	1
0	2.05869384	-1	-1	-1	1	1	1
0	2.05869384	-1	-1	-1	1	1	1
0	1.02372881	-1	1	1	1	1	-1
0	2.04953526	1	1	1	1	-1	-1
0	1.02580645	1	1	1	-1	-1	-1
0	1.02580645	1	1	1	-1	-1	-1
0	1.02580645	1	1	1	-1	-1	-1
0	1.02580645	1	1	1	-1	-1	-1
0	1.02250804	-1	-1	1	1	1	-1
0	2.04908611	-1	-1	-1	1	1	1
1.03960396	2.04908611	-1	-1	-1	1	1	1
1.03960396	2.04908611	-1	-1	-1	1	1	1
1.03960396	2.04908611	-1	-1	-1	1	1	-1
1.03960396	1.02657807	-1	-1	1	1	-1	-1
1.03960396	0	-1	-1	1	1	1	1
0	0	-1	1	1	1	1	1
0	0	-1	-1	1	1	1	1
0	0	-1	1	1	1	1	1
0	1.02564103	-1	-1	-1	1	1	1
0	1.02564103	-1	-1	-1	1	1	1
0	2.05689103	-1	-1	1	1	1	1
0	2.05689103	-1	-1	-1	1	1	1
1.03030303	2.05689103	-1	-1	-1	1	1	1
1.03030303	1.03125	-1	-1	-1	1	1	1
1.03030303	1.03125	1	1	1	1	-1	-1
1.03030303	0	-1	1	1	1	-1	-1
2.05971479	0	1	1	1	-1	-1	-1
1.02941176	0	-1	1	1	1	-1	-1
1.02941176	0	-1	1	1	1	-1	-1
2.05018327	0	-1	1	1	1	1	1
2.05018327	0	-1	-1	-1	1	1	1
1.02077151	0	1	1	1	1	1	1
1.02077151	1.03323263	-1	1	1	1	1	1
1.02077151	1.03323263	-1	-1	-1	1	1	1
0	1.03323263	-1	1	1	1	1	1
1.03151862	1.03323263	-1	-1	-1	1	1	1
1.03151862	1.03323263	-1	-1	-1	1	1	1
1.03151862	0	-1	-1	-1	1	1	1
2.05418151	0	-1	-1	-1	1	1	1
2.05418151	0	-1	-1	1	1	1	1
1.02266289	0	-1	-1	1	-1	-1	-1
2.04500926	0	-1	1	1	-1	-1	-1
2.04500926	0	-1	1	1	-1	-1	-1
1.02234637	0	1	1	1	1	-1	-1
1.02234637	0	1	1	1	-1	-1	-1
1.02234637	0	1	1	1	-1	-1	-1
0	1.02279202	1	1	1	-1	-1	-1
0	1.02279202	-1	1	1	1	1	-1
0	1.02279202	-1	-1	-1	1	1	1
0	1.02279202	-1	-1	1	1	-1	-1
0	1.02279202	-1	-1	-1	1	1	-1
0	0	-1	-1	-1	1	1	-1
0	0	1	1	1	-1	-1	-1
0	1.02298851	1	1	1	1	-1	-1
0	1.02298851	1	1	1	1	-1	-1
0	1.02298851	-1	1	1	1	1	-1
1.0259366	1.02298851	-1	1	1	1	1	-1
1.0259366	1.02298851	-1	1	1	1	1	-1
1.0259366	1.02352941	1	1	1	1	1	-1
2.04622646	1.02352941	1	1	1	-1	-1	-1
3.0663414	1.02352941	1	1	1	-1	-1	-1
2.0404048	1.02352941	1	1	1	-1	-1	-1
2.0404048	1.02352941	1	1	1	-1	-1	-1
2.0404048	0	1	1	1	-1	-1	-1
1.02011494	1.05	1	1	1	-1	-1	-1
0	1.05	1	1	1	-1	-1	-1
0	2.07492212	1	1	1	1	-1	-1
0	2.07492212	1	1	1	-1	-1	-1
0	3.09961348	1	1	1	-1	-1	-1
0	2.04961348	1	1	1	-1	-1	-1
0	3.07809449	1	1	1	-1	-1	-1
1.03797468	2.05317237	1	1	1	-1	-1	-1
2.06378113	2.05317237	1	1	1	1	1	1
3.0904478	1.02848101	1	1	1	-1	-1	-1
3.0904478	2.05220982	1	1	1	1	-1	-1
4.11409645	1.02372881	1	1	1	1	-1	-1
3.07612177	1.02372881	1	1	1	1	1	1
2.05031532	1.02372881	-1	-1	1	1	1	1
2.05162068	1.02372881	-1	-1	1	1	1	1
2.05162068	0	-1	-1	-1	1	1	1
1.02797203	1.03900709	-1	-1	1	1	1	1
1.02797203	1.03900709	-1	1	1	1	1	1
1.02797203	2.07279087	1	1	1	-1	-1	-1
0	3.12229582	1	1	1	-1	-1	-1
0	3.12229582	1	1	1	-1	-1	-1
0	2.08328873	1	1	1	-1	-1	-1
0	3.10579677	1	1	1	1	-1	-1
0	3.09542436	1	1	1	1	1	1
0	2.04591941	1	1	1	1	1	1
0	2.04591941	1	1	1	1	1	1
0	2.04591941	1	1	1	1	1	1
0	2.05391984	1	1	1	1	1	-1
0	2.08118415	1	1	1	-1	-1	-1
0	3.12091925	1	1	1	-1	-1	-1
1.02684564	3.12091925	1	1	1	-1	-1	-1
2.05820453	3.12091925	1	1	1	1	1	1
3.09178662	2.09041078	1	1	1	-1	-1	-1
3.09178662	2.06179392	1	1	1	1	-1	-1
3.09178662	2.06372549	1	1	1	-1	-1	-1
2.06494098	2.06372549	1	1	1	-1	-1	-1
1.03358209	2.06372549	1	1	1	-1	-1	-1
1.03076923	2.06372549	1	1	1	1	1	1
2.05843721	1.04166667	1	1	1	1	1	1
2.05843721	1.03305785	1	1	1	1	1	1
2.05843721	2.08305785	1	1	1	1	1	-1
3.1686067	2.08305785	1	1	1	-1	-1	-1
2.13783747	2.08305785	1	1	1	1	1	-1
1.11016949	3.10498767	1	1	1	1	1	1
2.21155198	2.07192982	1	1	1	1	1	1
2.21155198	2.11986796	1	1	1	1	1	1
2.15138249	2.11986796	-1	1	1	1	1	1
2.15138249	3.24731894	-1	-1	-1	1	1	1
2.15138249	3.26499308	1	1	1	1	1	1
1.05	4.33165975	1	1	1	1	1	1
1.05	4.26975765	1	1	1	-1	-1	-1
0	5.32193156	1	1	1	-1	-1	-1
0	5.22896334	1	1	1	1	-1	-1
1.04366812	4.18935938	1	1	1	1	1	1
1.04366812	4.15086172	1	1	1	1	1	1
1.04366812	4.17336227	-1	-1	-1	1	1	1
1.04366812	4.14975979	-1	-1	-1	1	1	1
1.04366812	3.11527703	-1	-1	1	1	1	1
0	4.13779955	1	1	1	1	1	1
1.02597403	3.10963054	-1	-1	-1	1	1	1
1.02597403	3.08680824	1	1	1	1	1	1
1.02597403	3.08827973	1	1	1	1	1	1
2.04663519	3.08827973	1	1	1	-1	-1	-1
2.04663519	3.0985441	1	1	1	-1	-1	-1
2.07066116	3.0985441	1	1	1	-1	-1	-1
3.09652323	2.06282981	1	1	1	1	1	1
4.14629699	1.03278689	1	1	1	1	1	1
4.1872472	1.03278689	1	1	1	1	1	1
4.1872472	1.03317536	1	1	1	1	-1	-1
4.17834309	1.03317536	1	1	1	1	-1	-1
4.19965083	1.03317536	1	1	1	1	1	1
3.14987707	1.03317536	-1	-1	-1	1	1	1
3.11767746	1.03317536	-1	-1	1	1	1	1
3.11767746	0	1	1	1	1	1	-1
2.07658157	0	1	1	1	-1	-1	-1
2.05322128	0	1	1	1	1	-1	-1
3.07761152	0	1	1	1	-1	-1	-1
2.04819976	0	1	1	1	-1	-1	-1
2.04819976	0	1	1	1	1	1	1
2.04819976	1.02526316	-1	1	1	1	1	1
1.02439024	2.05569794	-1	-1	-1	1	1	1
0	3.08816547	1	1	1	1	1	1
0	4.1109398	1	1	1	1	1	1
1.03783231	4.1109398	1	1	1	1	-1	-1
1.03783231	4.12350895	1	1	1	-1	-1	-1
1.03783231	3.09307417	1	1	1	1	1	1
2.06308484	2.06060664	-1	1	1	1	1	1
2.06308484	2.06743062	-1	-1	1	1	1	1
1.02525253	3.09269378	-1	-1	1	1	1	1
2.04984269	2.05486147	-1	-1	-1	1	1	1
2.04984269	3.08408903	-1	1	1	1	1	1
1.02459016	4.1206744	-1	-1	-1	1	1	1
2.04946578	3.09107609	1	1	1	1	1	-1
2.04946578	3.12504988	-1	-1	1	1	1	1
1.02487562	3.12504988	1	1	1	1	-1	-1
1.02487562	2.09582232	1	1	1	1	1	1
1.02487562	2.08374675	1	1	1	1	-1	-1
0	3.12296244	1	1	1	1	-1	-1
1.02857143	2.06372549	1	1	1	-1	-1	-1
1.02857143	3.09257164	-1	1	1	1	1	-1
1.02857143	4.12204532	-1	1	1	1	1	-1
1.02857143	3.09753552	1	1	1	1	1	1
1.02857143	2.05831983	1	1	1	1	1	-1
0	3.07937246	1	1	1	1	-1	-1
0	2.05052631	1	1	1	1	-1	-1
1.03312629	1.02105263	1	1	1	1	-1	-1
2.05604296	1.02105263	-1	-1	-1	1	1	1
3.10019307	1.02105263	1	1	1	1	1	-1
3.10019307	1.04888889	1	1	1	1	-1	-1
3.10019307	2.08801932	1	1	1	-1	-1	-1
2.06706678	2.08801932	1	1	1	1	1	-1
1.04415011	2.08801932	1	1	1	1	1	-1
0	2.08801932	-1	1	1	1	1	-1
1.04595186	1.03913043	-1	-1	1	1	1	1
2.0703421	0	1	1	1	1	1	-1
2.0703421	0	1	1	1	-1	-1	-1
3.09435957	0	1	1	1	1	-1	-1
3.09435957	0	1	1	1	-1	-1	-1
2.04840771	1.02237136	1	1	1	1	-1	-1
2.0554076	1.02237136	1	1	1	-1	-1	-1
2.0554076	1.02237136	1	1	1	1	1	-1
2.08045555	1.02237136	-1	1	1	1	1	1
3.11634072	1.02237136	-1	-1	1	1	1	1
4.14049531	0	-1	-1	-1	1	1	1
3.10910518	0	-1	-1	-1	1	1	1
3.10910518	1.02912621	1	1	1	1	1	1
2.06003976	2.0524907	-1	-1	1	1	1	1
2.04967663	2.0524907	1	1	1	1	1	-1
1.02552204	3.12104862	-1	-1	1	1	1	1
1.02552204	4.14159657	1	1	1	1	1	-1
1.02552204	3.11247036	1	1	1	1	1	-1
2.04996648	2.08910587	1	1	1	1	1	1
1.02444444	2.08910587	1	1	1	-1	-1	-1
2.05339767	1.02054795	1	1	1	1	-1	-1
3.07612494	0	1	1	1	-1	-1	-1
3.07612494	0	1	1	1	1	-1	-1
3.09140013	0	1	1	1	1	1	1
3.09140013	1.02891566	-1	-1	-1	1	1	1
2.0624469	1.02891566	1	1	1	1	1	1
1.03971963	2.06506024	-1	-1	1	1	1	1
1.03971963	2.06506024	-1	-1	1	1	1	1
0	3.0962353	-1	-1	-1	1	1	1
0	3.11437846	-1	-1	-1	1	1	1
0	4.14831511	-1	-1	-1	1	1	1
0	3.11217053	1	1	1	1	1	1
0	4.15742915	1	1	1	1	1	-1
1.02459016	3.12625409	-1	-1	1	1	1	1
2.0476994	2.07919527	-1	-1	1	1	1	1
2.0476994	1.04525862	-1	-1	-1	1	1	1
2.0476994	1.04525862	-1	-1	-1	1	1	1
2.0476994	1.0293501	-1	-1	1	1	1	1
1.02310924	1.0293501	-1	-1	-1	1	1	1
0	1.0293501	-1	-1	-1	1	1	1
0	1.0293501	-1	-1	-1	1	1	1
0	1.0293501	-1	-1	-1	1	1	1
0	0	1	1	1	1	-1	-1
0	1.02439024	-1	-1	-1	1	1	1
1.02941176	1.02439024	-1	1	1	1	1	1
1.02941176	2.05409321	-1	-1	1	1	1	1
2.0635581	2.05409321	-1	-1	-1	1	1	1
2.0635581	2.05409321	-1	-1	1	1	1	1
2.0635581	2.07382062	-1	1	1	1	1	1
1.03414634	3.09774406	-1	-1	1	1	1	1
1.03414634	3.09674922	-1	-1	-1	1	1	1
0	3.09674922	-1	-1	1	1	1	-1
0	3.09674922	-1	1	1	1	1	1
0	2.05263157	-1	-1	-1	1	1	1
1.02777778	1.02870813	-1	1	1	1	1	1
1.02777778	0	-1	-1	1	1	1	1
1.02777778	0	-1	-1	-1	1	1	1
1.02777778	0	-1	-1	1	1	1	1
1.02777778	1.04545455	1	1	1	1	1	1
0	2.08510213	1	1	1	1	1	1
0	3.13356028	1	1	1	1	1	1
0	4.18983734	1	1	1	1	1	1
1.02083333	4.18983734	-1	1	1	1	1	1
1.02083333	4.19305536	-1	-1	-1	1	1	1
1.02083333	3.15340778	-1	1	1	1	1	1
1.02083333	3.20118394	-1	-1	-1	1	1	1
1.02083333	3.16834438	-1	-1	-1	1	1	1
0	3.16834438	-1	1	1	1	1	1
0	3.15389234	1	1	1	1	1	1
0	4.18772693	-1	-1	1	1	1	1
0	4.12532721	-1	-1	-1	1	1	1
0	4.14633415	1	1	1	-1	-1	-1
0	5.18204844	-1	1	1	-1	-1	-1
0	5.16918022	1	1	1	-1	-1	-1
0	5.16034563	-1	1	1	-1	-1	-1
0	4.12651104	-1	-1	1	1	-1	-1
0	3.0820666	-1	-1	1	1	-1	-1
0	2.04635231	1	1	1	-1	-1	-1
0	1.025	1	1	1	1	-1	-1
0	0	1	1	1	-1	-1	-1
0	1.02158273	1	1	1	-1	-1	-1
0	1.02158273	1	1	1	-1	-1	-1
0	1.02158273	1	1	1	1	-1	-1
1.04477612	1.02158273	1	1	1	1	1	1
1.04477612	2.05271113	1	1	1	1	1	1
2.0749648	1.0311284	-1	-1	-1	1	1	1
2.0749648	2.05857938	-1	-1	1	1	1	1
2.0749648	3.08148014	-1	1	1	1	1	1
1.03018868	4.10429383	1	1	1	1	-1	-1
1.03018868	4.09522425	1	1	1	1	-1	-1
1.02173913	4.09522425	1	1	1	-1	-1	-1
2.04738016	3.06777327	1	1	1	1	-1	-1
2.04738016	2.04487251	1	1	1	-1	-1	-1
2.04738016	2.04867479	1	1	1	1	1	-1
2.04738016	1.02661597	-1	-1	1	1	1	1
1.02564103	1.02661597	-1	-1	-1	1	1	1
0	2.05005347	-1	1	1	1	1	1
0	2.05005347	-1	1	1	1	1	1
0	1.0234375	-1	-1	1	1	1	1
0	2.04651442	-1	-1	1	1	1	1
0	3.06950293	-1	1	1	1	1	-1
1.03731343	2.04606543	1	1	1	-1	-1	-1
1.03731343	3.07990002	-1	1	1	-1	-1	-1
1.03731343	3.07990002	-1	-1	-1	1	1	1
2.0600407	2.0568231	-1	1	1	1	-1	-1
2.0600407	1.03383459	-1	-1	-1	1	1	1
2.05707842	1.03383459	-1	-1	1	1	1	1
2.05707842	0	-1	-1	1	1	-1	-1
2.05707842	1.03041825	-1	-1	1	1	-1	-1
1.03435115	1.03041825	-1	-1	-1	1	1	-1
1.03435115	1.03041825	1	1	1	-1	-1	-1
0	2.060269	-1	1	1	1	-1	-1
0	2.060269	1	1	1	1	-1	-1
1.02230483	1.02985075	1	1	1	1	1	-1
1.02230483	1.02985075	1	1	1	1	-1	-1
1.02230483	1.02985075	1	1	1	1	-1	-1
2.04469289	0	1	1	1	-1	-1	-1
2.04469289	1.03816794	1	1	1	1	-1	-1
1.02238806	1.03816794	1	1	1	-1	-1	-1
1.02238806	1.03816794	1	1	1	-1	-1	-1
1.02238806	2.10066794	1	1	1	-1	-1	-1
1.02008032	2.10066794	1	1	1	1	1	-1
1.02008032	2.08423913	1	1	1	1	-1	-1
2.04550405	2.08423913	1	1	1	1	-1	-1
2.04550405	3.14730219	-1	1	1	1	1	1
2.04550405	3.10682862	1	1	1	1	1	1
1.02542373	3.10682862	1	1	1	-1	-1	-1
1.02542373	3.1152619	1	1	1	1	1	-1
0	3.1152619	1	1	1	1	-1	-1
0	3.08317229	1	1	1	-1	-1	-1
0	3.08769453	1	1	1	1	1	-1
0	3.08769453	-1	1	1	1	1	1
0	3.0949053	-1	-1	1	1	1	1
0	4.13657197	-1	-1	1	1	1	1
1.03097345	3.10559852	-1	1	1	1	1	1
1.03097345	3.11058138	-1	1	1	1	1	1
1.03097345	4.14183138	-1	-1	-1	1	1	1
1.03097345	4.12657209	-1	-1	1	1	1	1
2.05672452	3.08490542	1	1	1	-1	-1	-1
1.02575107	4.11065649	-1	-1	1	1	1	1
2.0472103	3.07912496	1	1	1	-1	-1	-1
2.0472103	3.09590989	-1	1	1	1	1	1
3.08169306	2.073786	1	1	1	1	1	1
2.05594199	2.073786	1	1	1	1	1	1
3.08214286	1.04803493	1	1	1	1	1	1
2.06068363	1.04803493	1	1	1	1	1	1
2.06068363	1.02192982	1	1	1	1	-1	-1
2.07883245	1.02192982	1	1	1	1	1	1
2.07883245	1.02192982	1	1	1	1	1	1
1.05263158	2.06954887	-1	-1	-1	1	1	1
2.08066896	2.06954887	1	1	1	1	1	1
2.08066896	2.07098354	1	1	1	1	1	-1
1.02803738	3.09915255	1	1	1	1	1	1
2.05556032	3.09915255	1	1	1	1	-1	-1
2.05556032	3.09848186	-1	-1	1	1	1	1
2.07916613	3.09848186	-1	1	1	1	1	1
2.07916613	3.11797451	-1	-1	-1	1	1	1
3.10720351	2.0898055	1	1	1	1	1	1
2.07968057	3.1270148	-1	-1	-1	1	1	1
3.12597687	2.08006644	-1	-1	-1	1	1	1
2.07433368	3.12679541	-1	-1	-1	1	1	1
2.07433368	2.08393827	1	1	1	-1	-1	-1
1.0462963	3.14616049	1	1	1	-1	-1	-1
1.0462963	3.13059621	1	1	1	-1	-1	-1
0	4.1611639	1	1	1	-1	-1	-1
0	3.11443493	1	1	1	-1	-1	-1
0	4.14122064	1	1	1	-1	-1	-1
0	3.07899842	-1	1	1	-1	-1	-1
0	2.0573534	-1	-1	1	1	1	-1
0	1.02678571	1	1	1	-1	-1	-1
0	1.02678571	1	1	1	-1	-1	-1
0	1.02714932	1	1	1	1	-1	-1
0	1.02714932	1	1	1	-1	-1	-1
0	1.02714932	1	1	1	-1	-1	-1
0	1.02714932	-1	-1	1	1	-1	-1
0	2.05599547	-1	1	1	1	-1	-1
0	1.02884615	-1	1	1	1	-1	-1
0	1.02884615	1	1	1	1	-1	-1
0	1.02884615	1	1	1	-1	-1	-1
0	2.05728217	1	1	1	1	-1	-1
0	1.02843602	1	1	1	-1	-1	-1
0	1.02843602	-1	1	1	1	1	1
0	1.02843602	-1	-1	-1	1	1	1
1.02403846	1.02843602	-1	-1	-1	1	1	1
1.02403846	0	-1	-1	-1	1	1	1
2.0483103	0	-1	-1	-1	1	1	1
2.0483103	0	1	1	1	1	-1	-1
2.0483103	0	1	1	1	-1	-1	-1
1.02427184	0	-1	-1	1	1	1	1
2.05713569	0	1	1	1	1	-1	-1
1.03286385	0	-1	-1	1	1	1	1
2.05644876	0	-1	1	1	-1	-1	-1
2.05644876	1.03827751	-1	-1	1	1	1	-1
2.05644876	1.03827751	-1	1	1	1	-1	-1
1.02358491	1.03827751	-1	1	1	-1	-1	-1
1.02358491	1.03827751	-1	-1	1	1	1	-1
1.02816901	1.03827751	1	1	1	-1	-1	-1
1.02816901	1.02843602	-1	1	1	1	-1	-1
1.02816901	1.02843602	-1	1	1	1	-1	-1
1.02816901	1.02843602	-1	1	1	1	-1	-1
1.02816901	1.02843602	-1	1	1	1	-1	-1
0	2.05700745	1	1	1	-1	-1	-1
0	2.05687332	-1	1	1	-1	-1	-1
0	2.05687332	-1	-1	-1	-1	-1	-1
0	2.05687332	-1	-1	1	-1	-1	-1
0	2.05687332	-1	-1	-1	1	-1	-1
0	1.02830189	-1	-1	-1	-1	-1	-1
0	0	-1	-1	1	-1	-1	-1
0	0	-1	-1	1	-1	-1	-1
0	0	-1	-1	1	1	1	1
0	0	-1	-1	-1	1	1	1
0	0	-1	-1	-1	1	1	1
0	0	-1	-1	-1	1	1	1
0	0	-1	-1	-1	1	1	1
0	0	1	1	1	1	1	-1
0	1.02790698	1	1	1	-1	-1	-1
0	1.02790698	1	1	1	1	-1	-1
0	1.02790698	1	1	1	-1	-1	-1
0	1.02790698	1	1	1	-1	-1	-1
0	1.02790698	1	1	1	-1	-1	-1
0	1.03301887	-1	-1	1	1	-1	-1
0	1.03301887	-1	1	1	-1	-1	-1
0	2.06132076	-1	-1	-1	1	1	1
1.02347418	2.06132076	1	1	1	-1	-1	-1
1.02347418	3.09433963	1	1	1	1	-1	-1
1.02347418	2.06132076	1	1	1	1	-1	-1
1.02347418	2.06132076	1	1	1	1	1	-1
1.02347418	2.05660378	1	1	1	1	1	-1
0	2.05660378	1	1	1	1	-1	-1
0	1.02358491	1	1	1	-1	-1	-1
1.02304147	1.02358491	1	1	1	-1	-1	-1
1.02304147	1.02358491	1	1	1	-1	-1	-1
1.02304147	0	1	1	1	-1	-1	-1
1.02304147	1.02898551	1	1	1	1	-1	-1
1.02304147	1.02898551	1	1	1	-1	-1	-1
0	2.07800512	-1	1	1	1	1	-1
1.03398058	2.07800512	1	1	1	-1	-1	-1
1.03398058	3.10251492	1	1	1	1	-1	-1
1.03398058	2.07352941	1	1	1	-1	-1	-1
1.03398058	2.07352941	1	1	1	1	-1	-1
2.06339234	1.0245098	1	1	1	-1	-1	-1
1.02941176	2.0545098	-1	-1	1	1	-1	-1
1.02941176	2.06198294	-1	-1	1	1	-1	-1
1.02941176	2.06198294	-1	-1	1	1	-1	-1
1.02941176	2.06198294	-1	1	1	-1	-1	-1
0	3.08929386	-1	-1	1	1	-1	-1
0	2.05929386	-1	-1	1	-1	-1	-1
0	2.04836355	-1	1	1	1	-1	-1
0	2.04836355	-1	1	1	-1	-1	-1
0	2.04836355	1	1	1	-1	-1	-1
0	1.02105263	-1	1	1	-1	-1	-1
0	1.02105263	-1	1	1	1	-1	-1
0	0	-1	-1	1	1	1	-1
0	0	1	1	1	-1	-1	-1
0	0	1	1	1	-1	-1	-1
0	0	1	1	1	-1	-1	-1
0	0	1	1	1	-1	-1	-1
0	0	1	1	1	-1	-1	-1
0	0	1	1	1	-1	-1	-1
0	0	1	1	1	-1	-1	-1
0	1.03854875	1	1	1	-1	-1	-1
0	1.03854875	-1	1	1	1	-1	-1
0	2.07550025	-1	-1	1	-1	-1	-1
0	3.10050025	-1	-1	-1	1	-1	-1
0	3.10050025	-1	-1	1	1	1	1
0	2.0619515	-1	-1	1	1	1	1
0	2.0619515	-1	-1	-1	1	1	1
1.02022472	1.025	-1	-1	-1	1	1	1
2.04040409	0	-1	-1	-1	1	1	1
2.04040409	0	1	1	1	1	-1	-1
2.04040409	1.05077263	1	1	1	1	-1	-1
3.06163551	1.05077263	-1	1	1	1	-1	-1
2.04141079	2.08805333	-1	-1	-1	1	1	1
2.06019246	2.08805333	-1	-1	-1	1	1	-1
3.08374706	2.08805333	-1	1	1	-1	-1	-1
3.08374706	2.05873993	1	1	1	-1	-1	-1
2.06251564	2.05873993	1	1	1	1	-1	-1
2.06251564	1.02145923	1	1	1	-1	-1	-1
2.0448312	1.02145923	1	1	1	-1	-1	-1
1.0212766	1.02145923	-1	1	1	1	-1	-1
1.0212766	0	-1	-1	1	1	1	1
1.0212766	0	-1	-1	1	1	1	1
1.0212766	0	1	1	1	1	-1	-1
0	1.02188184	-1	1	1	1	1	-1
0	2.04848938	1	1	1	1	-1	-1
0	3.07706081	-1	1	1	1	1	1
0	4.10349253	-1	-1	-1	1	1	1
0	5.1321901	-1	-1	-1	1	1	1
0	4.11030826	-1	-1	-1	1	1	1
0	3.08370072	-1	-1	-1	1	1	1
0	2.05512929	-1	-1	-1	1	1	1
0	2.06510014	-1	-1	-1	1	1	1
0	2.06109393	-1	-1	-1	1	1	1
0	2.06109393	-1	1	1	1	-1	-1
0	2.06109393	-1	1	1	1	-1	-1
0	2.06109393	1	1	1	-1	-1	-1
0	1.02469136	1	1	1	-1	-1	-1
0	0	-1	-1	-1	1	-1	-1
0	0	-1	-1	1	1	-1	-1
0	0	-1	-1	-1	1	-1	-1
0	0	-1	1	1	1	-1	-1
0	0	-1	1	1	1	-1	-1
0	0	-1	-1	1	1	-1	-1
0	0	-1	1	1	1	-1	-1
0	0	-1	-1	1	1	-1	-1
0	0	-1	-1	-1	1	1	1
1.03326613	0	-1	-1	1	1	1	-1
1.03326613	0	-1	1	1	1	-1	-1
1.03326613	0	-1	-1	-1	1	1	1
1.03326613	0	1	1	1	1	-1	-1
1.03326613	0	1	1	1	1	-1	-1
0	0	1	1	1	1	1	1
0	0	1	1	1	1	1	-1
1.02487562	0	1	1	1	1	1	1
2.06527966	0	-1	-1	-1	1	1	1
2.06527966	1.03157895	-1	1	1	1	1	-1
2.06527966	2.05407384	-1	-1	-1	1	1	1
3.09558269	2.05407384	-1	-1	-1	1	1	1
2.07070707	2.05407384	-1	-1	-1	1	1	1
1.03030303	2.05407384	-1	-1	-1	1	1	1
1.03030303	1.02249489	-1	-1	-1	1	1	1
1.03030303	1.02615694	1	1	1	1	1	1
0	2.05090942	1	1	1	1	-1	-1
0	2.05090942	1	1	1	1	-1	-1
1.02884615	2.05090942	-1	1	1	1	1	-1
1.02884615	2.05090942	-1	1	1	1	-1	-1
2.05311799	1.02475248	-1	1	1	1	-1	-1
2.05311799	1.03	-1	1	1	1	-1	-1
2.05311799	2.05985075	1	1	1	-1	-1	-1
1.02427184	3.09945471	-1	-1	1	-1	-1	-1
1.02427184	3.09945471	-1	-1	-1	1	-1	-1
0	3.09945471	-1	-1	-1	1	-1	-1
0	2.06945471	-1	-1	1	1	-1	-1
0	1.03960396	-1	-1	1	1	1	1
0	0	-1	1	1	1	1	-1
0	0	-1	-1	-1	1	1	1
0	0	-1	-1	-1	1	1	1
0	0	-1	-1	-1	1	1	1
0	0	1	1	1	1	-1	-1
0	1.03902439	-1	-1	1	1	1	1
0	1.03902439	-1	-1	1	1	1	1
0	1.03902439	-1	1	1	1	-1	-1
1.02369668	1.03902439	-1	-1	1	1	1	1
1.02369668	1.03902439	-1	-1	-1	1	1	1
1.02369668	0	-1	-1	-1	1	1	1
1.02369668	0	-1	-1	-1	1	1	1
1.02369668	1.02403846	-1	-1	-1	1	1	1
0	1.02403846	-1	1	1	1	1	1
0	2.05207584	1	1	1	1	1	1
0	2.05207584	1	1	1	-1	-1	-1
1.02232143	2.05207584	1	1	1	-1	-1	-1
1.02232143	1.02803738	1	1	1	1	-1	-1
1.02232143	2.05129319	1	1	1	1	1	-1
2.0453629	1.02325581	-1	-1	-1	1	1	-1
2.0453629	2.09188326	1	1	1	1	-1	-1
1.02304147	2.09188326	1	1	1	1	1	-1
1.02304147	2.09188326	1	1	1	1	-1	-1
1.02304147	1.06862745	1	1	1	-1	-1	-1
0	1.06862745	1	1	1	-1	-1	-1
0	0	1	1	1	-1	-1	-1
0	1.03846154	-1	-1	1	1	1	-1
0	1.03846154	-1	1	1	1	1	-1
0	1.03846154	1	1	1	1	1	-1
0	1.03846154	1	1	1	-1	-1	-1
0	1.03846154	1	1	1	-1	-1	-1
0	0	1	1	1	-1	-1	-1
0	0	1	1	1	-1	-1	-1
0	1.04368932	-1	-1	-1	1	1	-1
1.03921569	1.04368932	-1	-1	1	1	-1	-1
1.03921569	2.0684418	-1	-1	1	-1	-1	-1
1.03921569	2.0684418	-1	-1	1	-1	-1	-1
1.03921569	2.0684418	-1	-1	1	-1	-1	-1
1.03921569	1.02475248	-1	-1	-1	1	-1	-1
0	1.02475248	-1	1	1	1	-1	-1
0	0	1	1	1	-1	-1	-1
0	0	1	1	1	-1	-1	-1
0	0	1	1	1	1	-1	-1
0	0	1	1	1	1	-1	-1
0	0	1	1	1	-1	-1	-1
0	1.02487562	1	1	1	-1	-1	-1
0	1.02487562	1	1	1	1	1	1
1.02985075	1.02487562	1	1	1	1	1	-1
1.02985075	2.05220356	-1	-1	-1	1	1	1
1.02985075	3.07488397	-1	-1	-1	1	1	1
1.02985075	2.05000835	-1	-1	-1	1	1	1
1.02985075	2.05000835	-1	-1	-1	1	1	1
0	2.05000835	-1	-1	-1	1	1	1
0	1.02268041	-1	-1	-1	1	1	1
0	0	-1	-1	-1	1	1	1
0	0	-1	-1	-1	1	1	1
0	0	-1	-1	1	1	-1	-1
0	0	-1	1	1	1	1	1
0	0	1	1	1	1	1	-1
0	0	1	1	1	-1	-1	-1
0	0	1	1	1	-1	-1	-1
0	0	1	1	1	-1	-1	-1
0	0	1	1	1	-1	-1	-1
0	1.03381643	-1	1	1	1	-1	-1
0	2.05797102	1	1	1	-1	-1	-1
0	2.05797102	1	1	1	-1	-1	-1
0	2.05797102	1	1	1	-1	-1	-1
0	2.05797102	-1	-1	-1	1	1	1
1.04368932	1.02415459	-1	-1	1	1	1	-1
1.04368932	1.02427184	-1	1	1	-1	-1	-1
1.04368932	1.02427184	-1	-1	1	1	-1	-1
1.04368932	1.02427184	-1	-1	1	-1	-1	-1
1.04368932	2.04819528	-1	-1	-1	1	-1	-1
0	2.04819528	-1	1	1	-1	-1	-1
0	1.02392344	-1	-1	1	-1	-1	-1
0	1.02392344	1	1	1	-1	-1	-1
0	1.02392344	-1	1	1	1	-1	-1
0	0	1	1	1	-1	-1	-1
0	0	1	1	1	-1	-1	-1
0	0	-1	-1	1	1	1	-1
0	0	-1	-1	-1	1	1	-1
0	0	-1	-1	1	1	-1	-1
0	0	1	1	1	-1	-1	-1
0	1.02403846	1	1	1	-1	-1	-1
0	1.02403846	1	1	1	-1	-1	-1
0	1.02403846	1	1	1	1	-1	-1
0	1.02403846	1	1	1	-1	-1	-1
0	1.02403846	-1	-1	-1	1	1	-1
1.0483871	0	-1	-1	1	1	-1	-1
1.0483871	0	-1	-1	1	-1	-1	-1
1.0483871	1.02226721	-1	-1	1	-1	-1	-1
1.0483871	1.02226721	-1	-1	-1	1	-1	-1
1.0483871	1.02226721	-1	-1	-1	1	-1	-1
0	1.02226721	-1	-1	1	1	-1	-1
0	1.02226721	-1	-1	1	1	-1	-1
0	0	-1	-1	1	1	-1	-1
0	0	-1	-1	1	1	-1	-1
0	0	-1	-1	1	1	-1	-1
0	0	-1	-1	-1	1	1	-1
0	0	-1	-1	-1	1	1	-1
0	0	-1	-1	-1	1	1	-1
0	0	-1	-1	-1	1	-1	-1
0	0	-1	-1	-1	1	1	-1
0	0	-1	-1	1	-1	-1	-1
0	0	-1	-1	1	-1	-1	-1
0	0	-1	-1	1	1	-1	-1
0	0	-1	-1	1	1	1	-1
0	0	-1	-1	-1	1	1	1
0	0	-1	-1	1	1	1	1
0	0	-1	-1	-1	1	1	1
0	0	-1	1	1	1	-1	-1
0	0	-1	1	1	1	-1	-1
0	0	-1	1	1	1	-1	-1
0	0	-1	-1	-1	1	1	1
0	0	-1	-1	1	-1	-1	-1
0	1.035	-1	1	1	-1	-1	-1
0	1.035	-1	1	1	-1	-1	-1
0	1.035	-1	1	1	-1	-1	-1
0	1.035	-1	-1	-1	1	1	1
0	1.035	-1	-1	-1	1	1	1
0	0	-1	-1	1	1	1	1
0	0	-1	-1	-1	1	1	1
0	0	-1	-1	-1	1	1	1
0	0	-1	-1	1	1	1	1
0	1.03365385	-1	-1	-1	1	1	1
0	1.03365385	-1	-1	1	1	1	1
0	2.06636413	-1	-1	-1	1	1	1
0	2.06636413	-1	-1	1	1	1	1
0	3.09339116	-1	-1	-1	1	1	-1
0	3.08205874	-1	1	1	1	-1	-1
0	4.10408517	1	1	1	1	-1	-1
0	3.07137489	1	1	1	-1	-1	-1
0	3.07137489	1	1	1	-1	-1	-1
0	2.04434786	1	1	1	-1	-1	-1
0	1.02202643	1	1	1	-1	-1	-1
0	1.02643172	1	1	1	-1	-1	-1
0	2.07147677	1	1	1	-1	-1	-1
0	3.10272677	-1	1	1	-1	-1	-1
0	3.10272677	-1	1	1	1	-1	-1
0	3.10272677	1	1	1	1	-1	-1
0	3.09871657	1	1	1	1	1	-1
0	2.05367152	1	1	1	1	-1	-1
0	1.02242152	1	1	1	-1	-1	-1
0	1.02242152	1	1	1	-1	-1	-1
0	1.02242152	1	1	1	-1	-1	-1
0	1.05936073	1	1	1	-1	-1	-1
0	1.05936073	-1	1	1	1	-1	-1
0	1.05936073	1	1	1	-1	-1	-1
0	1.05936073	1	1	1	1	-1	-1
0	1.05936073	-1	1	1	1	-1	-1
0	1.02690583	-1	1	1	1	-1	-1
0	1.02690583	1	1	1	-1	-1	-1
0	2.06726457	1	1	1	-1	-1	-1
0	3.08919439	1	1	1	1	-1	-1
0	3.08919439	1	1	1	-1	-1	-1
0	3.08460999	1	1	1	-1	-1	-1
1.02678571	3.08460999	1	1	1	-1	-1	-1
1.02678571	2.04425125	1	1	1	-1	-1	-1
1.02678571	2.07396462	1	1	1	-1	-1	-1
1.02678571	3.1017424	-1	1	1	-1	-1	-1
1.02678571	2.07942097	-1	1	1	1	1	1
0	3.10256912	-1	-1	-1	1	1	1
1.02777778	3.10256912	-1	-1	-1	1	1	1
2.06498708	2.05092593	-1	-1	-1	1	1	1
2.06498708	1.02314815	-1	-1	-1	1	1	-1
2.06498708	1.02314815	1	1	1	-1	-1	-1
2.06498708	1.02702703	1	1	1	-1	-1	-1
1.0372093	2.04954955	1	1	1	-1	-1	-1
0	2.04954955	1	1	1	-1	-1	-1
0	2.04954955	-1	1	1	-1	-1	-1
1.02262443	2.04954955	-1	1	1	-1	-1	-1
1.02262443	1.02252252	-1	-1	1	1	-1	-1
1.02262443	0	-1	-1	1	1	1	-1
1.02262443	0	-1	-1	1	1	1	-1
1.02262443	0	-1	-1	-1	1	1	1
0	0	-1	-1	1	1	1	-1
0	0	-1	1	1	-1	-1	-1
0	0	-1	1	1	-1	-1	-1
0	0	-1	-1	-1	1	-1	-1
0	0	-1	-1	1	-1	-1	-1
0	0	-1	-1	-1	1	-1	-1
0	0	-1	-1	-1	1	-1	-1
0	0	-1	-1	-1	1	-1	-1
0	0	-1	1	1	-1	-1	-1
0	0	-1	-1	1	1	-1	-1
0	0	1	1	1	-1	-1	-1
0	0	1	1	1	-1	-1	-1
0	0	-1	1	1	-1	-1	-1
0	0	-1	-1	1	-1	-1	-1
0	0	-1	-1	-1	1	1	-1
0	0	-1	-1	-1	1	1	1
0	0	-1	-1	-1	1	1	1
0	0	-1	-1	1	1	1	1
0	0	-1	-1	1	1	1	1
0	0	-1	1	1	1	1	1
0	1.03240741	-1	-1	-1	1	1	1
0	1.03240741	-1	1	1	1	-1	-1
0	2.05503184	1	1	1	1	-1	-1
0	3.08218116	1	1	1	1	-1	-1
0	4.10920819	1	1	1	-1	-1	-1
0	4.10819091	-1	-1	-1	1	1	1
0	5.14455455	-1	-1	1	1	1	1
0	4.12193012	-1	-1	-1	1	1	1
0	3.0947808	-1	-1	-1	1	1	1
0	2.06775377	-1	-1	-1	1	1	1
0	1.03636364	-1	-1	-1	1	1	1
0	1.05217391	-1	1	1	1	1	1
0	1.05217391	1	1	1	-1	-1	-1
0	2.07656415	1	1	1	1	-1	-1
0	2.07656415	1	1	1	-1	-1	-1
0	2.07656415	1	1	1	1	1	1
1.02868852	1.02439024	1	1	1	1	1	-1
2.07433167	1.02439024	-1	-1	1	1	1	-1
